10 160 8968 112098
9 159 4198 52474
9 159 5263 65783
9 158 3276 40948
9 159 4263 53283
10 174 12628 157848
10 174 14998 187473
10 174 11061 138258
10 174 18424 230298
10 174 15935 199183
11 183 24947 311833
11 183 21427 267833
11 183 24678 308473
11 183 25823 322783
11 183 18560 231998
11 189 13400 167498
11 189 14864 185798
11 189 36385 454808
11 189 20681 258508
11 189 39461 493258
11 193 29226 365323
11 194 21689 271110
11 194 31315 391433
11 193 25469 318358
11 194 39071 488383
12 197 22552 281898
12 198 40250 503123
12 197 20806 260073
12 197 22724 284048
12 198 59266 740823
12 201 52985 662308
12 201 37534 469173
12 201 23306 291323
12 201 69634 870423
12 201 62709 783858
12 204 37767 472083
12 204 55615 695183
12 204 25289 316108
12 204 33730 421623
12 204 38551 481885
12 206 55495 693683
12 206 50289 628608
12 206 63554 794423
12 206 76209 952608
12 206 42865 535808
12 208 32320 403998
12 208 33540 419248
12 208 63383 792283
12 208 75446 943073
12 208 52188 652348
