13 250 43 727
13 249 40 721
13 250 37 650
13 250 38 636
13 249 37 701
14 273 43 718
14 273 43 751
14 273 43 764
14 273 45 766
14 273 42 755
15 287 44 787
15 288 49 872
15 288 44 776
15 288 45 824
15 288 46 823
15 298 48 894
15 298 48 837
15 298 48 874
15 297 49 858
15 297 48 831
15 305 46 805
15 305 49 868
15 305 53 873
15 305 48 892
15 306 50 842
16 312 51 838
16 312 50 881
16 312 49 879
16 312 48 889
16 312 48 843
16 318 52 904
16 317 48 835
16 317 50 883
16 317 50 877
16 317 48 856
16 322 49 926
16 322 50 895
16 322 48 889
16 322 51 890
16 322 53 966
16 326 54 959
16 326 50 881
16 326 52 915
16 326 52 909
16 326 52 938
17 330 51 878
17 329 56 1006
17 330 52 951
17 330 52 902
17 330 54 964
