651 1.1417e-05 333
613 1.0292e-05 273
731 1.1e-05 300
608 1.0458e-05 333
562 1.0375e-05 254
591 1.0583e-05 319
576 1.0084e-05 255
604 9.875e-06 266
645 1.0042e-05 311
707 1.0458e-05 321
694 1.0625e-05 315
630 1.0417e-05 251
685 1.025e-05 314
657 1.0542e-05 251
703 1.0125e-05 278
591 1.0125e-05 281
624 1.0291e-05 239
690 1e-05 293
692 1.0167e-05 300
626 9.458e-06 238
675 1.0291e-05 268
658 1.0167e-05 272
637 1.0167e-05 274
704 1.0459e-05 301
694 1.0541e-05 333
685 9.541e-06 250
558 9.667e-06 251
775 1.0459e-05 344
667 9.75e-06 268
710 1.0333e-05 300
1604 2.3625e-05 638
1340 2.2875e-05 650
1407 2.275e-05 690
1782 2.3791e-05 778
1541 2.3e-05 693
1628 2.4208e-05 734
1693 2.3417e-05 649
1522 2.2208e-05 620
1480 2.2917e-05 592
1693 2.3625e-05 652
1638 2.2958e-05 667
1980 2.3375e-05 531
1857 2.4125e-05 762
1460 2.3584e-05 655
1691 2.375e-05 797
1682 2.2333e-05 603
1587 2.3458e-05 724
1646 2.2958e-05 605
1614 2.3667e-05 796
1493 2.2875e-05 720
1620 2.3958e-05 683
1462 2.3542e-05 666
1436 2.2208e-05 575
1773 2.4334e-05 690
1644 2.4167e-05 765
1572 2.3625e-05 677
1588 2.3041e-05 574
1596 2.25e-05 554
1389 2.3375e-05 612
1606 2.7666e-05 618
3277 4.0833e-05 1080
2337 3.6958e-05 1046
2503 3.675e-05 942
2741 3.8875e-05 1216
2939 3.8667e-05 1155
2731 3.7375e-05 1120
2593 3.7959e-05 1080
2719 3.675e-05 963
2648 3.8083e-05 1263
2576 3.7375e-05 1175
2966 3.9166e-05 1166
3062 3.975e-05 1169
2718 3.775e-05 1214
2397 4.7333e-05 1012
2546 3.7542e-05 935
2573 3.75e-05 1056
2607 3.7083e-05 1040
2839 3.85e-05 1206
2384 3.6791e-05 1003
2485 3.6584e-05 916
2828 3.8375e-05 1170
2777 3.8875e-05 1341
2809 4.0292e-05 1249
2483 3.6833e-05 953
2539 3.7209e-05 1045
2708 4.6042e-05 1051
2783 3.8667e-05 1243
2480 3.675e-05 1104
2408 3.65e-05 1068
2424 3.6167e-05 961
3686 5.0333e-05 1507
3656 5.15e-05 1476
3708 5.1292e-05 1351
3388 5.1291e-05 1436
3795 5.2375e-05 1738
3743 5.4875e-05 1359
3624 5.2917e-05 1504
3660 5.1416e-05 1435
3799 5.4208e-05 1683
3793 5.325e-05 1585
3604 5.1875e-05 1536
4183 4.8542e-05 1440
3707 4.6125e-05 1282
4085 4.7084e-05 1769
3568 4.5125e-05 1409
3706 4.5583e-05 1375
4022 4.875e-05 1792
3411 4.4208e-05 1290
3864 4.6875e-05 1497
3705 4.5834e-05 1571
3583 4.4e-05 1358
3611 4.525e-05 1317
3483 4.4042e-05 1378
3780 4.5334e-05 1862
3416 4.4292e-05 1339
3990 4.7333e-05 1615
3636 4.5375e-05 1400
3671 4.5125e-05 1441
3676 4.5542e-05 1483
4111 4.525e-05 1598
4672 5.85e-05 1677
4742 5.9459e-05 1761
4871 5.7459e-05 1840
4330 5.8375e-05 1902
4964 5.9209e-05 1593
5130 5.8375e-05 1860
4604 5.7375e-05 1795
5045 5.85e-05 2019
4764 5.8583e-05 2105
6439 6.3375e-05 1799
5077 5.8959e-05 2021
5756 6.0917e-05 1880
5092 5.9458e-05 1861
5123 5.9084e-05 1906
5002 5.85e-05 1796
5138 6.025e-05 2085
4720 5.85e-05 1956
5012 6.0375e-05 1996
5218 5.8583e-05 1756
4684 5.8958e-05 2052
4840 5.9917e-05 1914
4742 5.9792e-05 2093
4713 5.775e-05 1670
4689 5.8459e-05 1691
4571 5.6125e-05 1647
5212 5.9083e-05 1938
4238 5.7584e-05 1874
5238 5.9417e-05 1958
4563 5.7875e-05 1965
4963 5.9792e-05 1913
5791 7.2791e-05 2392
5607 7.2541e-05 2212
6097 7.3167e-05 2599
5634 7.1917e-05 2133
6417 7.4209e-05 2678
6120 7.3709e-05 2562
5697 7.2791e-05 2284
5439 7.1667e-05 2269
7096 7.6084e-05 2683
5556 7.3083e-05 2353
5732 7.0875e-05 2048
6075 7.4833e-05 2568
5744 7.0667e-05 2257
6633 7.2292e-05 2356
5960 7.2333e-05 2200
6161 7.3833e-05 2499
5789 7.175e-05 2145
6894 7.775e-05 2731
6222 7.0708e-05 1993
5908 7.1833e-05 2670
6448 7.5083e-05 2553
6000 7.5125e-05 2585
5864 7.3333e-05 2347
5922 7.3084e-05 2301
5594 7.2e-05 2284
6425 7.4333e-05 2244
5566 7.2625e-05 2274
5782 7.2958e-05 2200
5939 7.3292e-05 2209
5997 7.2667e-05 2328
8181 8.8709e-05 3292
7644 7.7833e-05 2789
7067 7.6625e-05 2805
6880 7.7916e-05 2913
6880 7.625e-05 2799
7216 7.7042e-05 2653
8106 7.8625e-05 3318
6870 7.6208e-05 2704
6818 7.6916e-05 2716
7851 8.0041e-05 3015
6638 8.025e-05 2570
6895 7.8792e-05 2980
6731 7.7167e-05 2760
7701 8.2083e-05 2978
6634 7.4708e-05 2603
8664 8.3875e-05 3255
8187 7.8083e-05 2476
7585 7.8625e-05 2870
7374 7.7791e-05 2777
8566 8.05e-05 3308
7216 7.5833e-05 2488
6892 7.6708e-05 2625
6927 7.8875e-05 3032
7072 7.7292e-05 2624
7432 8.1833e-05 2807
6861 7.8208e-05 2893
7939 8.2292e-05 3015
9359 8.2166e-05 3222
6763 7.7125e-05 2749
7478 7.85e-05 3159
8926 9.025e-05 3019
8644 9.4375e-05 3595
7938 8.7667e-05 3023
8553 8.8333e-05 3050
9261 9.1e-05 2936
8585 9.025e-05 3238
8586 9.0667e-05 3317
8209 9.0208e-05 3287
8000 8.8833e-05 2995
8502 8.9209e-05 3045
8437 8.8917e-05 3078
8904 9.1666e-05 3207
8177 8.8042e-05 3150
8900 9.3e-05 3336
8528 9.0292e-05 3443
8335 9.8833e-05 3509
7971 9.1208e-05 3249
9110 9.1625e-05 3813
8459 9.05e-05 3631
8175 9.1625e-05 3120
8944 9.5166e-05 3391
8519 9.1667e-05 3715
8302 8.95e-05 3269
7995 9.0208e-05 3119
8665 8.925e-05 3066
7793 8.9625e-05 3033
8987 9.1916e-05 3638
8894 9.075e-05 3264
8992 8.8125e-05 3133
8788 8.875e-05 3099
10738 0.000104291 4152
9912 0.000101958 3756
10014 9.575e-05 4241
10037 9.1084e-05 4088
9385 9.2833e-05 3735
9845 9.3709e-05 4000
9716 9.0417e-05 4184
11064 9.55e-05 4470
9829 9.1375e-05 3540
9883 9.1667e-05 3770
9831 9.5583e-05 4164
10263 9.1667e-05 4223
9509 9.1959e-05 3329
9497 9.1833e-05 3674
10770 9.8542e-05 4043
9167 9.0375e-05 3562
9483 9.2542e-05 3844
9630 9.0417e-05 3834
9188 9.825e-05 3517
9399 9.7208e-05 3784
9392 9.1834e-05 3895
9946 9.2125e-05 3766
10460 9.5792e-05 4019
10476 9.4875e-05 4574
10120 9.3791e-05 4049
9539 8.9917e-05 3265
9325 9.3667e-05 3740
9237 9.0625e-05 3719
9388 9.3041e-05 3772
9628 9.075e-05 3385
10420 0.000104375 4168
10787 0.0001025 3947
11765 0.000109584 4299
10968 0.000105125 4229
11610 0.000105416 3898
10655 0.0001015 3992
11348 0.000105166 3936
12755 0.000108833 4749
10694 0.000106042 3964
10733 0.000105083 4229
12232 0.000103959 3733
12442 0.000105375 4542
11633 0.000104584 3959
12458 0.000112208 5089
10593 0.000102417 4415
11893 0.000104292 3727
10358 0.000102084 3884
10697 0.000104916 4039
11200 0.000106 4151
10661 0.000104209 4497
10944 9.575e-05 4556
11051 9.575e-05 4425
11394 9.675e-05 4445
10926 9.5208e-05 4591
10397 0.000102 4005
11047 0.000103084 4455
10477 9.4791e-05 4090
10933 9.3542e-05 4250
10906 9.5459e-05 3879
11583 9.5167e-05 3937
12007 0.000106209 4352
12186 0.000107334 4274
11946 0.000110125 4472
12694 0.000107125 5139
13115 0.000106084 4876
11886 0.000106458 5386
12838 0.0001075 5332
12635 0.000105875 4852
12219 0.000106125 4716
12870 0.000111292 4366
10978 0.000106834 4469
11744 0.000108125 4691
12226 0.000104542 4329
13057 0.000109791 4918
12977 0.000107708 4361
12087 0.0001065 4635
12788 0.000107667 5159
13001 0.000113958 4853
12035 0.000104959 4902
14877 0.000110875 5263
12233 0.000105583 4825
11627 0.000103334 4243
12105 0.000108792 4586
13326 0.000111666 5484
12023 0.000107291 4720
12742 0.000109792 5211
12641 0.000109083 5270
11611 0.000104167 4541
11149 9.5625e-05 4324
14315 0.000102667 5042
13577 0.000108917 5636
14817 0.000110417 5804
13488 0.000106667 5407
13526 0.000106209 4794
12519 0.000105291 4966
12750 0.000108833 5195
13062 0.000107916 5075
14593 0.000110375 5638
13110 0.000107875 5360
13829 0.00010775 5004
13430 0.000107834 5510
12633 0.000106625 5157
12962 0.0001065 5293
14240 0.000111208 5563
12886 0.000107917 5352
14392 0.000111708 5896
14128 0.000110958 5276
13347 0.000107125 4660
13463 0.000108375 5105
15301 0.00011275 6140
12890 0.000108042 4954
13192 0.000108875 5520
13424 0.000112458 5838
13693 0.000108875 6083
13326 0.000109541 5144
12717 0.000109292 4849
13400 0.000108125 5123
12685 0.000106208 4865
14174 0.000109625 5298
14222 0.000107833 4847
15003 0.000121333 5351
14557 0.000122375 6357
16228 0.000122875 6251
16980 0.000122917 5798
16188 0.00011675 6144
13777 0.000110125 5509
14948 0.000109375 5675
15031 0.000110625 5915
15254 0.000110041 5404
13660 0.000111666 5730
14278 0.000110541 5672
16741 0.000114708 6655
14400 0.000110917 6167
15181 0.000110583 5360
14664 0.000111709 5614
15974 0.000113333 6302
14198 0.000109417 5463
15234 0.000111083 5326
14045 0.0001095 5568
15036 0.0001175 5716
14226 0.000116834 5951
15426 0.000110875 5847
14501 0.00011125 5530
15349 0.000111833 6020
14215 0.000112 6090
15076 0.000117 5837
14016 0.0001115 5918
15488 0.000111833 5416
15296 0.000108292 5346
14453 0.000111042 5676
15187 0.000119209 5620
16609 0.000124209 6118
15830 0.00011975 6700
15002 0.000118792 6315
15791 0.000119291 5797
15995 0.000122417 6353
16179 0.00012225 6292
16420 0.000121667 6464
17554 0.000123042 6113
15359 0.000121959 6036
19104 0.000126875 7002
19083 0.000134083 6763
16758 0.000121958 6676
17226 0.000122333 5954
15698 0.000119875 5736
16434 0.000120875 6699
15784 0.000119208 6185
15390 0.000125875 5864
16269 0.000121916 6439
15982 0.000121833 6053
16129 0.000114084 6057
15562 0.000114 6547
15744 0.000112959 6175
15848 0.00011225 6598
16798 0.00011125 5776
15871 0.000110875 6165
17436 0.000112666 5907
16256 0.000113541 6601
16052 0.000126458 5955
16694 0.000111458 5771
17055 0.000121375 6765
17703 0.000120208 6842
16143 0.000119334 6584
16392 0.000121125 6548
17167 0.000120041 6453
18193 0.000118791 6137
17375 0.00012275 6400
17613 0.000120791 6756
17613 0.000124291 7316
17341 0.0001225 6697
17479 0.000123167 7380
17504 0.000123916 6374
18528 0.000121583 7133
18674 0.000124125 7806
17062 0.00012025 6598
18192 0.00012775 6756
17604 0.000122875 6502
17357 0.000124125 6350
17408 0.00012125 6376
17697 0.000121541 6974
17537 0.00012075 6594
18244 0.000123125 7007
20445 0.000130334 8321
17696 0.000118542 6367
18418 0.000124 7793
17571 0.0001235 6854
19608 0.00012575 7242
17083 0.000122167 6750
18779 0.000123542 6435
19441 0.000124708 6741
22307 0.000138584 8974
20133 0.000132958 8323
18581 0.0001325 6974
19430 0.000130125 6969
18437 0.000128834 6426
19749 0.000138 9075
20847 0.000134375 6737
17588 0.000127541 7334
18898 0.000128333 7468
20186 0.000131833 6973
17316 0.000129417 6945
19589 0.0001365 7157
18712 0.000129041 7422
19001 0.000130333 6975
21106 0.000132916 7466
18185 0.000126542 6754
18038 0.000125167 7548
18554 0.000124542 6976
19670 0.000126292 6771
19517 0.000125625 6912
18978 0.00012575 7841
18124 0.000128209 7320
18484 0.00014075 7205
19024 0.000128291 6609
19760 0.000128041 7240
18438 0.000125875 7194
18743 0.000124083 6293
19189 0.000125333 6700
21839 0.000128542 6339
19096 0.000125833 7286
20656 0.000135 7433
19130 0.000133417 7409
21454 0.000135292 8055
19975 0.000134333 7809
19676 0.000134083 7861
21546 0.000136 7326
19737 0.00013425 7063
20505 0.000135917 7576
19923 0.000133375 6994
20373 0.000136833 8031
20948 0.000138291 7795
21438 0.000138667 8813
19377 0.000135625 7436
19533 0.000135625 7437
22088 0.000139041 7480
20804 0.000142959 7179
23257 0.0001385 6842
19831 0.000134542 7367
21154 0.000132416 7234
19015 0.000138375 7739
19618 0.00013425 7920
21012 0.000137167 7670
20430 0.00013675 8370
20501 0.000132375 6838
20701 0.00013325 7329
21020 0.000132625 8257
20287 0.000133167 7294
20531 0.000135959 7883
20349 0.000134458 7884
20241 0.000134708 8268
20357 0.000141333 8712
22517 0.000141625 8059
22021 0.000152208 7823
22350 0.000153417 9162
21785 0.000146708 7984
20721 0.000144041 7686
24172 0.0001485 8208
22005 0.000143333 7912
22980 0.000147292 8780
21481 0.000141333 8334
22746 0.000141958 7482
21796 0.000145083 8006
19945 0.000143583 7537
22412 0.000145667 8990
21666 0.000142834 8408
23099 0.000146333 7825
21720 0.000146 8181
20656 0.000145375 8149
24634 0.000148042 8813
21113 0.00014225 7871
25400 0.000151583 9765
22312 0.000144583 8001
21388 0.000146375 8768
21198 0.000143625 7895
26340 0.000156625 7744
21100 0.000155625 8024
22058 0.0001465 7952
22565 0.000144583 7841
24260 0.000151833 8865
22905 0.000146542 7923
23658 0.000153208 7814
21459 0.0001545 8468
25042 0.000158917 8673
26031 0.000161166 9976
21976 0.000152166 8743
22594 0.000152542 8752
23610 0.000156625 9231
21399 0.000152417 8135
22204 0.000152166 8582
24661 0.000156916 10064
22676 0.000151417 8328
23705 0.000153292 8442
22187 0.000152625 8448
23081 0.00015825 9544
23500 0.00015775 8993
22231 0.00015325 7786
22175 0.000152083 8051
24792 0.000162709 10004
21998 0.000149333 8289
22758 0.000152333 8732
22197 0.000153042 9301
22263 0.000154042 9121
21705 0.000155125 8230
22519 0.000166709 9121
22253 0.000159625 8358
24214 0.000160875 8984
24530 0.000163667 9695
21665 0.000157833 8798
21578 0.000154083 8665
22937 0.000157542 9089
23149 0.000168083 9437
24087 0.00016725 9245
25225 0.000164 9377
23881 0.0001625 8711
25792 0.000165916 9064
23841 0.000154375 9474
23497 0.000155 9223
27420 0.000160542 9525
24707 0.000161625 9751
25594 0.000155458 9671
27558 0.000168584 11126
23836 0.000156459 9105
24281 0.000156667 9892
24919 0.000153791 9272
23985 0.000154875 8963
25344 0.000158458 9875
22774 0.000153625 9347
25442 0.00015675 8491
23954 0.000158125 8738
24016 0.000155917 9369
25882 0.000160291 9878
24714 0.000158167 10195
27046 0.000157709 8779
23004 0.00015725 9525
23045 0.000155125 9555
23659 0.000156625 8671
23432 0.000161625 9713
23439 0.000156791 8894
26199 0.000158208 9499
26084 0.000160958 9360
25067 0.000165875 9864
26472 0.000164791 10362
26454 0.000173708 10676
26331 0.000174458 10192
27346 0.000170666 9521
25687 0.000168416 9519
25238 0.000172542 10112
30710 0.000183917 10826
29171 0.000174959 9749
24736 0.000172583 10430
25647 0.000172292 10529
27399 0.000171917 9572
27158 0.000171541 9340
25891 0.000178166 9560
28740 0.000187042 11064
26235 0.000179875 10588
26790 0.000175167 8884
24525 0.000193084 9521
24890 0.000172208 9298
26692 0.00017175 9830
25877 0.000167833 9090
26486 0.000165416 10139
26726 0.000168416 10166
25866 0.000166042 10022
27399 0.00016775 10467
26005 0.0001695 9905
24505 0.000164708 9281
27048 0.000173916 10933
29214 0.000169125 11053
27828 0.000168417 11161
25608 0.000172083 9766
28666 0.000184208 11791
27108 0.000173583 9755
26175 0.000169209 9572
28100 0.000175292 10484
27145 0.000175833 10556
27915 0.000176875 10185
27204 0.000174417 9236
28689 0.000179875 11078
27060 0.000178084 10555
26390 0.000171125 9756
26639 0.000177791 10846
28844 0.000174291 10070
28045 0.000176459 9204
26832 0.000174416 9476
25933 0.0001745 9648
27468 0.000174916 9506
26012 0.000177 9941
27939 0.000173166 9570
26679 0.000181875 9197
25061 0.000184458 9807
27435 0.000178375 10271
25112 0.000173334 10441
28231 0.000177042 9843
27569 0.000175833 9739
28526 0.000178292 11380
28959 0.000177334 10138
25979 0.000172875 9795
28196 0.000182958 11584
28735 0.000184875 10420
31025 0.000199125 11423
29553 0.000195917 9872
31357 0.000187792 9971
31997 0.000206667 11154
27209 0.000181791 10943
30963 0.000186125 10241
28433 0.0001845 10481
27577 0.00018375 11087
29067 0.000186709 11005
32171 0.000195917 12878
29943 0.000181833 10335
28581 0.000186375 10597
32676 0.000190541 12031
29859 0.000188042 10928
29748 0.000186541 10453
30840 0.000187625 10254
27656 0.000185041 10795
28687 0.000186917 11685
27895 0.000183584 10950
30307 0.000186917 11469
28120 0.000182583 10196
27452 0.000184208 10675
28233 0.000187208 10920
28244 0.000186584 12100
27233 0.000182125 11012
29052 0.000184292 11655
30651 0.000190875 10541
27898 0.00018575 10543
29547 0.000189666 10405
27776 0.000181875 10201
32445 0.000194625 12274
31692 0.000196625 12284
29368 0.00019375 11245
31486 0.000195792 11793
28487 0.000200208 11142
31719 0.000197042 12698
31468 0.000196208 10529
28054 0.000209542 10984
31528 0.000211667 11716
29531 0.000195666 11479
29126 0.000189541 10264
30018 0.000193625 11798
30631 0.000196208 10787
29666 0.000195625 11802
28608 0.000195875 11770
29326 0.000191833 10964
33365 0.000198083 14096
27866 0.000188709 10647
28634 0.000192416 10609
28785 0.000190333 11414
31443 0.000201333 13039
30652 0.000194375 11176
29555 0.000195959 11440
31320 0.00019525 11025
29696 0.0001955 10790
31861 0.000192959 11201
29874 0.000192917 10862
33459 0.000199958 12076
31975 0.000193667 11290
30732 0.000204667 10972
32684 0.000207625 12389
30061 0.000201791 11102
30651 0.000201375 11224
32920 0.000215917 11873
31031 0.000230333 12881
29676 0.000213208 10954
33539 0.0002185 11539
30507 0.000219917 12532
31863 0.000212416 12088
30482 0.000212041 11469
32369 0.000220708 12596
35307 0.000227 13168
31369 0.000214375 11915
30907 0.000208916 11672
34180 0.000213375 13923
32384 0.000212209 11680
29818 0.0002095 11853
30437 0.000206 11132
33242 0.000215584 12156
36671 0.000208666 10882
31252 0.000210333 12366
32153 0.0002105 11752
30307 0.000214125 10915
31026 0.000211625 10116
30626 0.000226625 11313
30982 0.000237875 11696
31632 0.000238666 11012
31760 0.000213833 11034
32318 0.000221667 12459
32338 0.000216416 12200
32859 0.000215708 11627
31687 0.000214583 11651
33698 0.000218125 11651
32171 0.000221209 13484
33067 0.000218 12863
32328 0.000220458 12546
35455 0.00022675 14080
33469 0.000220084 12497
35224 0.000217792 12323
34468 0.000221542 12748
33651 0.000228959 11887
36920 0.00022825 13721
33155 0.000213375 10966
32215 0.000217917 12753
34426 0.000223084 13989
31152 0.000218583 12451
32752 0.00022125 11401
36687 0.000222875 11730
34991 0.000221708 11864
35039 0.0002215 12684
34509 0.000221875 12910
31189 0.000219416 12216
32561 0.000217042 12708
32198 0.000215917 12473
32920 0.000218459 11667
34926 0.00021975 11473
34252 0.000219125 12281
33811 0.000220208 12586
33516 0.000215791 11378
35564 0.000216333 11427
33447 0.000233125 12955
33625 0.000227041 12732
34160 0.00023175 12449
32979 0.000249333 12971
33286 0.000237125 12969
32853 0.000222667 12047
37064 0.000230875 13436
33658 0.0002355 13362
38159 0.000242416 11696
33244 0.000227709 14093
40109 0.000247375 12938
33229 0.000229708 13604
35609 0.000239541 12823
34626 0.00023425 12682
33454 0.000226375 12523
33883 0.000229166 12886
35546 0.000231667 12749
34536 0.000229083 12351
36300 0.00023475 13277
38526 0.000230958 13462
38159 0.0002385 12314
36748 0.000231542 12730
36974 0.000233459 13142
34287 0.000225375 12404
37884 0.000233334 12521
34840 0.000227417 13553
34173 0.000222167 12406
33902 0.000233084 13206
33795 0.000224834 13393
32539 0.000228375 12446
36634 0.000238834 12862
35208 0.000233375 12976
37093 0.000239417 12313
42448 0.000252542 15214
37643 0.000239958 13579
38348 0.000250667 16341
37126 0.000242791 13603
38898 0.000239708 14485
35199 0.000237834 13976
38993 0.000239458 14785
36088 0.000237125 14104
35112 0.00024125 13752
36490 0.0002335 13211
34013 0.000242958 13709
35860 0.000241333 13319
34095 0.0002395 13844
34859 0.000237334 13871
37290 0.000242334 13669
36283 0.00024525 12867
37090 0.000234792 13390
35452 0.000227917 12923
34327 0.000228208 14199
37431 0.000232792 13742
35210 0.000231958 13882
34138 0.000231666 13519
36317 0.000233375 13785
33888 0.000228083 12914
35641 0.000227166 12809
34836 0.000231167 12959
34396 0.000227083 12851
39128 0.000240375 14013
38108 0.000239166 14818
35910 0.000239792 14281
37361 0.000245542 12959
39690 0.000242541 15383
41155 0.000244709 13718
39813 0.000241833 14677
41286 0.0002465 16944
37984 0.000241583 14044
38019 0.000238625 12895
36690 0.000241208 14229
38464 0.000244583 16637
38490 0.000245667 14067
35658 0.000239042 13594
39317 0.000245291 14646
38727 0.000241333 13303
40628 0.00024925 15458
37235 0.000238334 13186
37579 0.000245083 14163
37353 0.000243458 13412
39201 0.000235625 12545
36797 0.000240209 14241
41022 0.000245375 14533
36148 0.000248792 13873
38941 0.000246625 15860
36967 0.00024125 15334
35973 0.000240334 15404
36530 0.000244667 13676
37248 0.000240834 13571
37252 0.000240417 13856
39923 0.000251667 14505
38933 0.000249666 14030
38249 0.0002505 14427
41317 0.000255042 15090
42240 0.000248583 14542
37284 0.000249083 13921
40203 0.000252709 13736
36922 0.000249042 14158
40559 0.000260709 16362
37600 0.000251958 14651
39365 0.000248 13676
38124 0.000248417 14801
39911 0.000249667 14571
38369 0.000252791 14159
38987 0.000247333 14021
46310 0.000264417 14790
37990 0.000249917 14009
39452 0.000248833 13700
37678 0.000248 13221
40674 0.00025075 15117
38796 0.000248208 14527
36679 0.000250334 13952
39706 0.000253042 13932
41948 0.000257584 15166
42820 0.000257541 15572
40117 0.000252459 15586
41601 0.000260709 16618
40092 0.00025875 15094
40608 0.000249708 14820
39186 0.000248708 14424
39989 0.000258917 14399
41968 0.000262416 14978
38462 0.000265625 14249
40441 0.000278333 15575
41412 0.000267958 15336
41448 0.000277375 15948
40251 0.000277334 15046
41260 0.000270917 15544
40724 0.00026125 13537
44424 0.000262875 17636
39992 0.000262791 15966
43500 0.000263042 15735
38649 0.000258834 14821
39736 0.000256041 13880
38663 0.000275584 13952
39579 0.000257375 16079
43621 0.000262375 14165
39927 0.000261792 14542
40696 0.000263625 16213
40358 0.000261125 15461
40871 0.000260083 15410
43364 0.000268541 16056
41517 0.000264166 14931
39920 0.000255833 14616
40221 0.000263417 15187
40914 0.000260625 15636
40616 0.000264875 15514
43794 0.000262375 14933
40196 0.000261625 15598
41089 0.000257542 14830
42746 0.000267958 15542
40946 0.000270667 16168
44071 0.000271041 15636
42082 0.000270375 16233
41223 0.000289834 16577
45918 0.000274125 17444
43121 0.000272667 16261
45045 0.000276584 17772
46695 0.000272875 15265
43491 0.000283667 16490
41738 0.000286084 15067
40332 0.000266 15260
41918 0.000287 16852
42011 0.000271042 16056
41108 0.000269167 15568
43163 0.000273791 15513
40833 0.000289125 14741
40674 0.000293625 14670
44709 0.000271833 17106
41361 0.000271625 15642
43389 0.000276083 17517
45338 0.000270666 17469
42693 0.000273834 15728
42264 0.000267 14942
42079 0.000262875 14288
41850 0.000274792 17515
42729 0.000279 16648
39912 0.00026775 14780
43472 0.000273459 14164
41604 0.000270791 17663
45729 0.000277583 16449
42458 0.000274792 15407
44307 0.000280333 15962
42263 0.000275541 15480
43733 0.000275458 15728
49230 0.0002875 17470
45863 0.000283666 18010
46409 0.000283709 17744
42886 0.000277209 15855
43245 0.000274166 15848
43786 0.000281792 16147
47089 0.000283916 16420
45068 0.000280042 16641
45355 0.000281291 16359
45197 0.000275 16788
42073 0.000276375 16560
42754 0.000270125 14985
45649 0.000283792 16116
47007 0.000312417 17183
42060 0.00028025 16565
43602 0.000284541 16415
46633 0.000275416 15304
45202 0.000269708 14226
46818 0.000287584 15675
45609 0.000278042 15900
41473 0.000278375 15510
45735 0.00028775 18337
43940 0.000277583 16409
47764 0.000282541 16589
43261 0.0002745 15659
44483 0.000285084 16467
47406 0.000289083 16440
48898 0.000294625 18225
45045 0.000284375 16704
51011 0.000302708 16476
44048 0.000289 15957
46520 0.000287792 15777
48112 0.000295042 16186
42187 0.000286834 16190
46601 0.0002835 17027
45122 0.000284833 16835
43586 0.00028675 18330
44993 0.000288333 15390
46823 0.000286542 17167
45619 0.000285666 16768
48814 0.000293291 17041
47891 0.000293459 17325
46996 0.000291417 17586
46089 0.0002815 15728
48678 0.000299125 19139
46261 0.000286084 16564
45781 0.000288125 15872
43380 0.000300292 16284
45279 0.000294416 16355
43537 0.000306416 17680
43863 0.000297084 17110
46347 0.000287292 15924
47774 0.000300209 15871
50449 0.000293792 16121
46541 0.000288292 16946
49673 0.0003035 16837
47924 0.000306 20040
46460 0.000294041 15813
48824 0.000303292 19747
49598 0.000299917 18470
51718 0.000304708 19575
47294 0.000297041 16812
55965 0.000311666 18823
45878 0.000296959 18357
48257 0.000298834 17512
46209 0.0003045 18215
45423 0.000300125 17100
47027 0.000296125 17106
50890 0.000307417 18000
44237 0.000299292 16804
47820 0.00029675 17186
47448 0.000299833 17138
48608 0.00030675 19191
53124 0.000311625 19685
46815 0.000298375 16385
51667 0.000304916 16566
45964 0.000293 16558
47528 0.000293708 16005
47327 0.000301583 18452
48223 0.000297833 18627
44554 0.000302083 18526
52921 0.000300625 16750
50353 0.000302916 17401
48899 0.000298375 16483
46674 0.000316208 17568
47888 0.000307083 17799
52293 0.000314792 19420
48693 0.000331084 18253
49853 0.000310833 16558
47220 0.000307667 16864
49037 0.00031425 18347
46452 0.000314875 17884
48678 0.000304583 18084
50678 0.000309541 18241
53061 0.000321583 20248
48344 0.000301209 17472
49273 0.000307625 17692
47198 0.000311 19425
46434 0.00030275 15845
47826 0.000306375 19001
46884 0.000302292 16097
48289 0.000331084 16684
47616 0.000330625 19322
47183 0.000315167 16370
48199 0.000307917 16706
46602 0.000306459 17902
52336 0.000314125 19448
46153 0.000304917 18343
47538 0.000331125 16702
48711 0.000310958 19329
48677 0.000315375 19306
51106 0.000313042 18613
50699 0.000313125 18001
46223 0.000307667 17681
49838 0.000312792 18249
54040 0.000322625 18818
52286 0.000321625 17685
51027 0.000322875 17590
49473 0.000334125 19560
48497 0.0003265 17699
48339 0.00033525 17043
53328 0.000315792 17388
47360 0.000320375 17822
51859 0.000328209 18097
51315 0.000321583 18198
48661 0.000311334 17351
53566 0.000322417 18535
51092 0.000313167 18275
46977 0.00031825 17228
46243 0.000312291 17011
50120 0.000318541 19483
50679 0.000316917 17751
52526 0.0003225 17525
48254 0.000315958 17876
50594 0.000320834 18723
49468 0.000319208 19947
53064 0.000323208 20002
50548 0.00031475 18829
49753 0.000319417 17879
47751 0.000313084 17777
55475 0.000324208 20960
52982 0.00032375 20163
47969 0.000319209 18257
48719 0.000321916 18139
51182 0.000316 18519
49918 0.000327084 19260
53354 0.00033725 19248
52692 0.000324041 16747
53931 0.000331333 19400
54340 0.000326542 18274
49624 0.000352667 19903
55688 0.000345083 21064
50198 0.000345417 18037
49752 0.000324875 18841
50427 0.000358375 18265
52988 0.000359333 19200
51440 0.000321333 17773
52395 0.000326583 20373
53110 0.000323083 19335
53110 0.000331916 20423
51048 0.000324333 19480
57862 0.000335917 20605
49278 0.00032425 17608
48823 0.000323791 19000
49795 0.00032 18165
56143 0.0003245 17804
53101 0.000330125 20250
54117 0.000346375 21709
51987 0.00036175 19456
54263 0.000355667 19162
54857 0.000355458 19306
52327 0.000350333 18900
55160 0.000350042 17719
50410 0.000342958 17587
56052 0.000352959 19955
53091 0.000341833 18422
54458 0.000358583 19412
52421 0.000365584 20388
54295 0.000350333 20160
58465 0.000361417 23238
52285 0.000338667 18046
51079 0.000334542 18263
57001 0.000342541 19661
59842 0.000406834 23470
50753 0.00034825 20928
52505 0.000364541 19076
53364 0.000369542 18598
54018 0.000354208 19391
52648 0.000349166 19435
53489 0.000361834 19700
51226 0.00035475 19246
51563 0.000349083 18499
56633 0.000341666 22190
51634 0.000339792 18599
55097 0.000342291 21991
51554 0.000331625 21362
54278 0.0003395 18746
54596 0.000344792 21724
52444 0.000340834 19118
49951 0.000337375 20353
49545 0.000333708 18092
50993 0.000335875 19722
54680 0.000336625 18697
58114 0.000347834 20837
52624 0.000335958 19056
55856 0.000346167 19449
51610 0.0003455 18870
55732 0.000350666 19930
55000 0.00034775 18988
61932 0.00034975 18956
57362 0.000353667 19175
54727 0.000349583 17888
56924 0.000345875 19913
54703 0.00034725 20132
54705 0.000352041 18374
54142 0.000374167 19198
53210 0.000365708 19432
52924 0.000359875 19650
57698 0.000356167 18582
54434 0.000380209 18173
55975 0.000380667 21008
56090 0.000347916 19333
53053 0.00034225 18611
56039 0.000347416 19855
52325 0.000339833 18701
55948 0.000349417 19919
53723 0.00034575 19700
55824 0.000347375 19488
58826 0.000353292 21167
55259 0.000342042 18906
50942 0.000346416 19554
55527 0.000344917 20661
55110 0.000340916 18716
57950 0.000348125 22951
56792 0.00036325 18607
54682 0.000350084 20952
57440 0.000352834 19995
59461 0.000363625 21634
54741 0.000348708 19367
59266 0.0003525 19610
57406 0.000355458 21242
58900 0.000347875 18097
57382 0.000355 19407
55936 0.00037875 20869
55782 0.000360083 21176
59504 0.000357375 18621
52705 0.000353 21632
56546 0.000354417 22301
61464 0.000362958 21823
54703 0.000352292 19803
61159 0.000359625 19342
55901 0.000356208 20698
61846 0.000359083 23226
61259 0.000366625 24182
53152 0.000350958 21509
56449 0.000350916 20669
57751 0.000357042 19305
61717 0.000361125 23046
54305 0.000344042 19674
53669 0.000354792 21465
61342 0.000360375 21574
57737 0.00035525 22139
53852 0.000353042 21288
64661 0.000370833 20572
54248 0.000347208 19868
58753 0.000359833 22149
57773 0.000374625 23979
57073 0.00036675 20649
59012 0.000374584 20569
55332 0.000397959 20854
56342 0.000365875 20818
56641 0.000369167 20242
56101 0.000366583 20853
55637 0.000365916 19954
65997 0.000375334 20374
59128 0.000368333 19405
55463 0.000366958 20465
53914 0.000363625 20835
55517 0.000358459 20348
58322 0.000369625 20811
63676 0.00038075 20486
56874 0.000366209 20191
57635 0.000369834 22170
56108 0.00036225 20434
55632 0.00036525 21128
58360 0.000364875 20776
60396 0.000364833 20163
57768 0.000375083 24752
59417 0.00036325 20431
56979 0.000386083 19843
59498 0.000380167 21959
56977 0.000385166 20669
57369 0.000390667 19761
56538 0.0003805 21049
58751 0.000381916 20484
57881 0.00038525 21962
60226 0.000387041 21826
65122 0.000392292 23330
63673 0.000389083 21878
62898 0.00039325 24009
60264 0.000387 23381
59279 0.000394209 21682
62106 0.000387208 20485
56072 0.000390875 21890
61273 0.000391959 22610
61018 0.000391667 22414
59026 0.000408417 21548
56952 0.000403709 21531
65227 0.000419584 28326
61061 0.000390125 23144
61646 0.000403875 21692
58321 0.000371875 21885
62293 0.000386458 21508
58233 0.0003735 20983
61433 0.000376792 21511
60023 0.000404083 23246
59939 0.000372167 20088
62972 0.000399792 25953
61492 0.000390625 21498
60753 0.000388833 22429
62325 0.000387584 20736
59143 0.00038425 22288
60278 0.000396875 22692
58959 0.000392208 23541
58131 0.000374458 20751
58483 0.000379625 21097
61672 0.000393875 22656
60649 0.000406667 21866
61001 0.000378083 21390
61117 0.000382084 22063
59781 0.000381125 21475
61139 0.000385417 24440
65534 0.000389875 25058
62181 0.000382875 20990
60954 0.000392417 24783
60949 0.000392375 24295
59969 0.000378083 22079
61422 0.000397833 23383
64184 0.000404875 25769
61860 0.000413333 22886
60761 0.000400375 22333
63406 0.000391541 24752
64581 0.00038475 22303
61111 0.000383958 21450
59179 0.0003795 22627
59373 0.000386667 21087
58663 0.000386334 22867
59683 0.000384208 22032
64127 0.000389833 22396
63555 0.000390042 20974
65152 0.000384875 23195
63476 0.000394541 23582
63290 0.000386375 22612
59251 0.000389625 23962
58158 0.000377084 22322
64916 0.000396041 23317
60366 0.000393083 23005
64383 0.000394708 22325
59007 0.000392875 23817
63842 0.000391625 21942
64414 0.000384292 21387
62314 0.000398167 23216
65446 0.000418042 25925
61049 0.000407709 22499
65400 0.000414208 23780
64302 0.00039075 24404
60944 0.00039 21803
57863 0.0003915 23001
62180 0.000387167 21373
66067 0.00040325 23740
64037 0.000391292 22489
60049 0.000388209 21435
61445 0.000401375 21229
59394 0.000390625 22822
60896 0.000389667 21801
66147 0.000404042 25691
64372 0.000405167 24779
60761 0.000387708 20889
63850 0.000394291 21282
59783 0.000405916 20926
60693 0.000385292 21433
71038 0.000402958 22122
62369 0.000390625 22772
68108 0.000402042 22685
61151 0.000421208 22088
68734 0.000432083 26545
67433 0.000442458 23847
63767 0.000424833 24450
67012 0.000403791 23995
64580 0.000409 25114
61907 0.000399375 22125
66077 0.000402875 21575
66187 0.000407417 22700
62996 0.000405375 23981
60679 0.000409 23376
62193 0.000401917 23753
64082 0.000398667 22438
62827 0.000402084 24302
65861 0.000399917 21063
67012 0.000415875 25013
64105 0.000404292 22778
65184 0.0004055 21673
63266 0.000409291 23039
61628 0.000395334 22158
65205 0.000397708 23431
61978 0.000399333 22466
68286 0.000427209 27027
70884 0.000436834 26970
69224 0.000419667 22496
67838 0.000439125 25466
61090 0.000411 23394
60279 0.000402917 21982
62640 0.000409666 25745
62891 0.000400542 22376
66663 0.000403792 22322
63583 0.000414 23789
69379 0.000421667 23366
66869 0.000412292 23441
67007 0.000408667 24234
66614 0.000416708 21352
62307 0.000415042 24535
63025 0.000411959 24324
68480 0.000417458 26550
70758 0.000424166 23465
67215 0.000410166 24846
66954 0.000416625 25636
69268 0.000419666 23054
61433 0.000407542 22049
64408 0.000425375 22545
66480 0.000424208 23737
65906 0.000408875 24094
65176 0.000419584 22845
64371 0.00042175 26083
62485 0.000415541 23715
67367 0.000419584 23963
65554 0.000415708 22964
63527 0.000414 23148
61610 0.000402917 23139
64126 0.000410583 24963
72268 0.000425208 23792
63382 0.000409458 24039
66716 0.000416834 24747
67116 0.000415917 26084
68159 0.000417875 23080
64814 0.000418541 25732
66415 0.000421584 23436
69253 0.000426417 25378
75622 0.000427333 23319
66623 0.00041925 24785
65156 0.000425208 23242
68371 0.000416958 23301
66664 0.000450417 24560
63727 0.000435334 23812
70181 0.000430792 23639
67427 0.000424167 24108
64466 0.000412792 22585
66479 0.00040925 21606
67327 0.000426 23573
66692 0.00042475 25680
69842 0.000428375 27211
68821 0.00042475 24971
69936 0.000423083 25639
70422 0.000420958 22839
75930 0.000438416 27432
66988 0.000418708 24633
66653 0.000422125 24170
68908 0.000419625 24990
66367 0.000426375 24550
67443 0.000418625 24277
64558 0.000416625 24053
65520 0.000415041 22381
66434 0.000430375 25183
68953 0.000421875 25323
66460 0.000434 25245
65792 0.000426583 25218
68122 0.000429666 23573
68198 0.000429833 23515
69538 0.000437167 26003
63555 0.000428875 24009
66617 0.000426042 23510
67884 0.000439667 25604
67606 0.000428917 23138
71388 0.000437375 25897
77098 0.000459125 27825
63538 0.000425542 25361
73094 0.000440333 28143
68017 0.000437459 24931
71914 0.000440416 25436
66346 0.000439958 26118
69944 0.00043275 27132
72074 0.000442875 24868
69116 0.000438166 26395
71360 0.000446125 25823
65167 0.000436292 24063
71012 0.000443792 24065
69251 0.000466166 23775
69478 0.000472292 26899
69973 0.000444625 27007
69784 0.000431709 23520
69850 0.000424958 22677
67408 0.00043275 25141
76403 0.000467709 24566
70476 0.000442875 28213
72479 0.000438167 27053
65462 0.00043075 24900
69143 0.000436458 23501
75714 0.000455916 26788
72204 0.000445042 25421
74661 0.000446375 27367
74023 0.00044725 26357
68539 0.000441042 24489
71999 0.000442458 25288
71138 0.000442042 25850
69889 0.000442542 27062
70393 0.000448625 26044
68611 0.000449667 26763
70339 0.000459 25586
71246 0.00048575 25890
70270 0.000452375 25474
70129 0.000445042 24707
72663 0.000439958 25513
66820 0.000442417 24644
77505 0.000445584 25226
65525 0.000447625 24201
68740 0.000446375 25935
76177 0.0004515 30098
74725 0.000456125 28715
67470 0.000436083 24250
76287 0.000456208 27859
76072 0.00046925 30164
69681 0.000436584 24854
70958 0.000445 27853
70791 0.000444417 28487
70150 0.000439792 26271
72060 0.000453125 26663
73085 0.000459458 27331
72661 0.00047 25773
77207 0.000486292 29223
69723 0.0004535 24154
78848 0.000464542 26922
73981 0.000458 25048
69773 0.000448459 24783
68421 0.000451542 24621
70191 0.000449584 26912
75692 0.000462166 28472
76631 0.000448791 25074
72578 0.000454375 25959
73973 0.000459667 24725
73326 0.000455334 25343
69926 0.000449875 26822
71679 0.00045975 27056
70171 0.000460375 28707
72595 0.000451125 26077
78420 0.000462459 26960
78270 0.000473916 32089
72254 0.000451583 25427
74639 0.000459459 26037
73622 0.000467458 29237
68933 0.00045275 24486
71517 0.000477792 24899
74645 0.000469792 25985
79213 0.000463708 27853
69048 0.00045375 28275
79230 0.000458667 25627
77694 0.000460834 28504
71638 0.000463166 25625
71145 0.000466833 30544
69884 0.000468416 26597
78287 0.000467875 27989
71250 0.000460959 27937
75877 0.000467667 28492
73597 0.000463917 26156
76924 0.000473375 27839
71360 0.000457166 26334
73875 0.000465208 26158
77473 0.000500167 27211
72983 0.000472083 25774
71301 0.000466084 27840
76245 0.0004745 26457
72860 0.000483542 26599
74488 0.000500625 28325
71863 0.00046125 25857
72822 0.0004775 25414
75877 0.000456708 26652
77132 0.000465583 27822
77895 0.000467917 26278
74206 0.000461042 25327
71966 0.000467125 25582
71305 0.000472 30428
70095 0.000456792 25528
71863 0.000464542 27942
74385 0.000464292 27468
74677 0.000459666 24558
76719 0.000464084 25604
81140 0.000468916 28750
74770 0.00046775 28309
79229 0.000481791 29726
75648 0.000475833 27229
79161 0.00049075 28909
77839 0.000491375 25390
78604 0.000510416 29480
80396 0.000491 30352
76558 0.00047325 25797
81056 0.000485042 29691
74100 0.000476042 27985
86488 0.000504375 31282
72659 0.0004715 27268
77933 0.000484625 29091
81079 0.000487 29925
72017 0.000468584 27841
74606 0.000468791 26903
76517 0.00047475 26311
79488 0.0004885 30125
77796 0.000481416 26916
74611 0.0004835 29077
77790 0.000472167 28040
73273 0.000465292 25734
74749 0.000480125 26876
78551 0.000482084 27737
73482 0.00050525 26873
75417 0.000463833 24522
78204 0.000476875 25170
71722 0.000468084 25069
75503 0.000475833 28809
73946 0.000474334 28118
75325 0.000480167 27236
79828 0.000481958 28747
73570 0.000473 28058
78234 0.000479625 27337
77591 0.000489083 28316
73348 0.000476458 27896
80493 0.000490084 26980
78447 0.000484542 30765
75366 0.000482208 27379
83501 0.000487375 28349
75649 0.00047475 27783
75623 0.000484291 29815
81123 0.000484917 27210
77187 0.000473958 25977
74925 0.000487541 28424
77850 0.000489833 27024
79439 0.000485708 29774
74975 0.000487625 26935
74783 0.000480667 26996
75318 0.000473417 26600
79905 0.000487917 26921
84322 0.0004865 26474
81213 0.000491542 30825
79392 0.00048225 26729
78337 0.000496375 31149
79459 0.000485375 27382
83259 0.000494917 33825
73905 0.000488583 28091
80338 0.000492791 28251
82639 0.000493125 30582
83340 0.000511542 31794
78171 0.000492625 30532
81961 0.000498583 29415
77189 0.000492542 28446
75500 0.000492583 26978
83491 0.000508834 28513
81977 0.000509334 31152
75447 0.000496375 29360
78623 0.000497916 29914
78383 0.000495625 29343
81497 0.000499833 27903
78907 0.000497625 30333
77700 0.000500041 31477
80092 0.000490333 25995
73511 0.000499 28636
86303 0.000498333 28410
80653 0.00048725 27368
80474 0.0005025 30255
74719 0.000491083 28377
80822 0.000499917 29529
74854 0.000492542 26006
82215 0.00050425 29588
78025 0.000491875 29248
76172 0.000490875 25413
78872 0.000500125 28118
83043 0.000519875 28054
79573 0.000522042 27821
87692 0.000510291 32920
77757 0.0004945 27791
81318 0.000495875 29418
81737 0.000514083 31216
76269 0.000503875 29209
83942 0.000505208 31669
79134 0.000508417 30963
77666 0.000502875 28130
83463 0.000513792 30897
79457 0.000494958 29201
87971 0.000519459 31610
77977 0.000530375 27557
81470 0.00051475 31133
84247 0.000509458 27466
81182 0.000499958 29276
77329 0.00050875 29444
78675 0.000502333 27624
86087 0.000524083 33591
79515 0.00050475 28264
80030 0.00050175 27126
84108 0.000508042 33151
79808 0.000501458 30178
84065 0.000506917 30870
87540 0.000512875 32405
85319 0.000516792 32156
85573 0.000513208 29553
88160 0.000511792 33067
81219 0.000498583 27203
77073 0.000507458 31568
76927 0.000509166 28932
80500 0.000502333 30227
80947 0.00050425 30587
78231 0.000504083 30467
82317 0.000514292 29200
85128 0.000516917 29152
77566 0.000500958 27587
79933 0.000510458 28290
83167 0.000526291 31352
90805 0.000562375 32017
78056 0.00051075 31695
78058 0.000510292 28921
77500 0.000510875 28530
76893 0.000515542 30701
84866 0.000523 31630
79531 0.00051525 31356
79925 0.000511125 28711
84113 0.000518375 32416
79693 0.000515166 29040
88049 0.000531167 35486
78235 0.0005175 29436
82438 0.000513041 29885
84738 0.0005245 30087
82711 0.000519542 28768
89727 0.00054375 31772
79996 0.00051275 30022
79231 0.00051 28678
79862 0.000527209 31007
82253 0.000532208 31103
81627 0.000512334 28865
83708 0.000527916 31973
87125 0.000523583 32507
80760 0.000510625 28046
78842 0.000511084 29941
81635 0.000524 31396
87036 0.000525041 29035
88216 0.00053475 32840
85982 0.000533541 29245
87513 0.000530875 29801
82145 0.000528666 29009
81704 0.000527875 31421
83015 0.000518584 29190
89441 0.000526458 28891
77207 0.000519041 27543
82795 0.000529875 33751
79065 0.000523209 29975
88841 0.000556542 33727
83304 0.00052875 32306
92337 0.00053025 31122
82213 0.000531083 30933
90057 0.000538541 33934
85107 0.000536125 33076
86024 0.000525709 31650
83391 0.000518584 29363
86934 0.00052775 32648
91317 0.000535542 32743
87298 0.000521708 31410
82448 0.0005285 29730
83585 0.000531375 33153
83642 0.000531541 30759
89421 0.000531125 32769
83303 0.000525583 29097
85000 0.000526542 29764
85839 0.000539292 30859
81081 0.000531542 29667
89891 0.000531458 28339
82229 0.000556625 29811
89357 0.000567084 30361
86693 0.000538333 30072
86623 0.000529333 30239
80683 0.00053475 30584
88437 0.000548125 33336
81769 0.000539417 31659
84975 0.000539958 30959
82358 0.000545875 32725
84104 0.0005375 29275
84674 0.000545708 31000
96027 0.000559833 31794
87348 0.000543166 30923
89314 0.000551208 37201
84803 0.00053225 29704
83808 0.000538958 31273
87618 0.000534208 31320
84849 0.000533458 33251
84006 0.000553875 29656
81440 0.00054275 32563
81409 0.000549125 29877
87822 0.0005355 31912
84920 0.00054025 30432
105373 0.0005745 36067
84549 0.000536958 31248
79954 0.000534667 30727
77087 0.000538167 30090
87189 0.000532834 28862
83023 0.000551375 32867
88736 0.000561334 32987
83078 0.000553583 32455
86716 0.00055 31100
93087 0.000562958 30604
83189 0.000539625 30601
94556 0.000557459 32551
85200 0.000542959 31429
93025 0.0005565 29993
87178 0.000564541 34880
87569 0.00055 32563
83622 0.000540792 29859
83323 0.000548333 31089
84967 0.00054825 33422
89136 0.00055075 32554
83203 0.000540334 30470
81828 0.000549125 32451
92564 0.000540291 30829
87998 0.000547 30924
86466 0.000542459 32348
92448 0.000554042 28877
89449 0.000551 32082
83462 0.000534667 28863
90922 0.000553084 31516
90263 0.000556416 34806
83966 0.000545625 31952
86698 0.000539666 29996
83042 0.000542583 30330
93275 0.000568917 29836
85423 0.000572625 30561
90856 0.000555042 30629
91603 0.000564334 34511
89374 0.000551375 30226
83875 0.00055125 29948
85896 0.00055275 30827
85029 0.000555 30015
93431 0.000559917 32733
88168 0.000550708 30818
88987 0.000560875 32281
86132 0.000553583 30993
88941 0.00056175 29710
90791 0.000561584 31847
88544 0.00055425 30766
91276 0.000568417 35946
89623 0.000562875 35680
89558 0.000560834 32734
88146 0.000569166 33004
85384 0.000575333 30434
93613 0.000576875 34137
85689 0.000584709 30892
86177 0.00054575 31985
90726 0.000561 31487
83857 0.000556667 32403
87242 0.000552875 34414
87132 0.000555292 30845
92996 0.000571042 30828
94501 0.000568583 33407
94735 0.000564166 34904
92926 0.000556 29019
95459 0.000567417 29252
94115 0.000561625 34493
86163 0.000560584 34202
87722 0.000551417 30703
89964 0.000559833 30601
91170 0.000558125 30257
87979 0.000594958 33636
89548 0.000592208 30316
95165 0.000573833 35408
89012 0.000560042 32733
89105 0.00056275 32408
93009 0.000579958 37326
91438 0.000566292 32464
92253 0.000561833 31753
87440 0.000551709 29503
88848 0.000561125 31143
89397 0.00057225 32827
90849 0.000570209 34687
85300 0.000555875 33558
88556 0.000565375 30409
87961 0.00057375 34433
96870 0.000579 35877
88814 0.000563292 31113
93708 0.0005815 39263
104958 0.000611125 36004
92551 0.00058275 30555
98591 0.000596 36262
89861 0.000563375 31505
87680 0.000571125 33419
89383 0.000568833 31735
87627 0.000562959 32685
97729 0.000589959 33783
92716 0.00057175 31742
93383 0.000577916 36701
93496 0.000577083 35946
94994 0.000586125 33511
93986 0.000588333 34315
89315 0.000570709 31959
95014 0.0005875 34895
93692 0.000587792 36636
95726 0.000583667 31850
97199 0.000574583 33286
93087 0.000623708 36860
93995 0.00060275 34759
94860 0.000583459 34259
89864 0.000571166 35457
86757 0.000574666 31069
96263 0.000589791 37775
92233 0.000581333 31610
91081 0.000572917 33684
89438 0.000566959 31931
97625 0.000581 32976
88380 0.000570125 31817
93340 0.000583875 32367
94085 0.000570625 32510
96126 0.000582417 31360
94529 0.00058175 31980
97093 0.000570875 34773
96928 0.000591125 32997
92844 0.000569291 34194
89362 0.00058975 32816
100937 0.000633208 38125
93778 0.000610667 37257
97599 0.000596 34096
95854 0.0005755 31016
93945 0.000586875 33911
91344 0.00058375 35757
91188 0.000580625 33623
89477 0.00057775 32657
100187 0.000599666 38260
88091 0.000590625 34591
100463 0.000593 33354
94955 0.00059025 32505
95291 0.000594 31445
92928 0.000588333 33781
98742 0.000594542 36261
91743 0.000581916 30995
96395 0.000581875 34095
99341 0.000625709 33529
94454 0.00060025 32006
90830 0.000582709 34539
96248 0.000594417 38793
90280 0.000580209 31418
91720 0.000579541 32872
93755 0.000590875 35962
94672 0.000579708 33761
98982 0.000583625 32060
94170 0.000593709 36531
95647 0.000593667 35160
92117 0.000574708 31762
91620 0.000611708 33421
94090 0.000601125 36766
96255 0.000596334 35158
93892 0.000605834 36341
96176 0.000601792 32989
93742 0.000599917 35399
94585 0.000595083 32439
94148 0.00063325 34071
97060 0.000593791 30849
91895 0.000588834 33571
97007 0.0005985 37245
93225 0.000584375 31787
98473 0.000607541 34767
92289 0.000599875 33448
98976 0.000615625 35000
100980 0.000613209 37670
92856 0.000589208 33305
95228 0.000602833 33317
97916 0.00060875 37889
96990 0.000602292 33403
92695 0.000595167 34036
91536 0.000586167 33132
103016 0.000614333 38530
94587 0.000661 33431
92161 0.000622333 36866
93168 0.000646125 34521
111599 0.000627042 37737
94635 0.000599416 35566
91787 0.000597916 33529
96494 0.0005915 34546
95239 0.000596708 31859
106946 0.000630042 39551
103407 0.00062075 35766
100473 0.000608333 34083
93416 0.000610167 36125
93375 0.000601875 34730
94978 0.000609542 33629
100583 0.000615875 38398
94068 0.000609917 34496
95893 0.000612 35255
96563 0.000622083 37577
95043 0.000626083 34206
95995 0.000598375 35158
101309 0.000635209 34360
97907 0.00060825 36072
101201 0.000604542 34794
103824 0.000613709 35181
99800 0.000598416 32550
97003 0.000610792 34663
93740 0.000608333 36851
97141 0.000606542 34064
102518 0.00061475 37412
99974 0.000616042 36374
96071 0.00060675 36060
95821 0.00062175 33486
100403 0.000621333 37313
96481 0.0006135 36283
94890 0.00062875 38354
98871 0.000617167 37075
100758 0.000623375 37967
103280 0.000619916 35994
103400 0.000624375 37433
95350 0.000602 31527
102806 0.000614083 33346
101175 0.000612709 35481
93474 0.0006325 33497
95170 0.00061575 34418
95011 0.000618625 35341
98113 0.000621292 34870
98287 0.000615459 34794
96144 0.000615167 36021
101891 0.000631583 37050
100195 0.000621459 36309
99410 0.000625333 36093
95046 0.000621041 36580
96117 0.000645542 35331
101521 0.000637209 37804
98948 0.00060125 33944
91851 0.000611083 33531
97749 0.000616458 35821
96345 0.00061375 34972
101450 0.000631292 40258
95872 0.00061125 35719
95131 0.000611584 37658
108095 0.000626625 37150
98273 0.00061325 33784
96400 0.000605083 33437
96988 0.000614791 36307
98465 0.000618292 35516
100771 0.000611042 36758
100491 0.000625208 34617
96938 0.000623333 35086
100882 0.000654459 38058
106593 0.000667625 35848
99745 0.000643 37669
109542 0.000650542 37552
104131 0.000642833 36885
96028 0.000618584 35824
95949 0.000619625 36041
102389 0.000627625 40903
106632 0.000638791 37470
103811 0.000627458 39877
101022 0.000634625 39183
101230 0.000628875 36268
113804 0.000651125 34672
104440 0.000632292 35788
104609 0.000632916 36319
101864 0.000624958 37158
102011 0.000630959 35550
99211 0.000636584 36428
108759 0.000627792 35868
99099 0.000654333 34910
100884 0.000667459 34718
96242 0.000622542 36117
100076 0.000624959 38248
104565 0.000628041 35601
115907 0.000650666 41774
99704 0.000631917 35549
99960 0.000635333 38474
99349 0.000623417 37749
99143 0.000627125 36462
104389 0.000639541 38320
101256 0.000653042 36780
101957 0.000642375 38915
100964 0.000641875 34584
99490 0.000637584 35853
99430 0.0006595 36305
105092 0.000634583 35571
109244 0.000648708 38401
101514 0.000643625 37414
102712 0.000644542 36462
97835 0.000633334 37402
106334 0.000647958 35498
107491 0.000658708 43575
99187 0.000639083 33989
99247 0.000664625 36888
106803 0.000650166 37652
104085 0.000628375 34356
95512 0.000630541 36888
100726 0.000637791 37353
100937 0.000636875 36091
105819 0.000647958 36201
103218 0.000640958 35754
101215 0.000660458 37247
96760 0.000662417 33897
98213 0.000635042 38134
104259 0.000637625 34360
106013 0.000635084 36022
104740 0.00065675 40306
102844 0.000634541 37013
102904 0.0006305 34386
99785 0.000643208 36225
104722 0.000659791 41370
105054 0.00065525 40469
99158 0.000650125 37600
111843 0.000652125 37752
103335 0.000670833 39766
106734 0.000645208 38166
107622 0.000663167 41659
102942 0.000657333 38304
106649 0.000675333 39931
98911 0.000671917 37386
101758 0.000651 37445
112332 0.000657834 40361
98369 0.000657459 38770
107333 0.000637041 34339
109530 0.000656 40426
99806 0.000641875 36203
101504 0.000652958 37162
107284 0.000651208 37342
104698 0.000670792 40173
103485 0.000645625 36894
109765 0.000646541 38983
108809 0.000653334 39643
100791 0.000643917 36876
102931 0.000642292 37858
106741 0.000653625 37788
101855 0.000644334 34576
117063 0.000742958 41422
102494 0.000641166 39902
103659 0.000646 34605
102158 0.0006505 38586
115851 0.000673459 38614
100871 0.000653 36392
107009 0.00064625 37751
105099 0.0006695 38871
102722 0.000651958 36964
102363 0.000662583 37910
104137 0.000643875 35210
104442 0.000664542 38152
111477 0.00066175 38628
98554 0.00064975 38273
109537 0.0006555 36467
105020 0.00066225 37321
103621 0.000671792 36242
103920 0.000667417 38684
104017 0.000658292 39443
99891 0.00064825 39162
105283 0.000669584 41121
101302 0.00064625 35809
107240 0.000679167 37125
106780 0.000666292 39329
112650 0.000661209 36695
102319 0.000655583 37683
104734 0.000653917 37708
119310 0.000686416 36284
101959 0.000666542 39538
110323 0.000667709 41358
106899 0.00064225 34369
109327 0.000667417 36733
107675 0.000705084 41923
101960 0.000695416 36772
99319 0.000671584 36106
105079 0.000658292 36864
101980 0.000662917 37214
110153 0.00068 41653
111500 0.000673916 40146
114690 0.000682417 37808
105898 0.000656917 35433
103586 0.000653125 35539
107680 0.000666583 41154
103735 0.00065925 36242
116778 0.000667083 35198
104651 0.000668041 40132
100383 0.000669875 39138
110275 0.000684166 41197
123635 0.000705333 43305
110647 0.000729334 40014
115964 0.000694333 45419
109956 0.00067 39400
113376 0.000673291 36624
104730 0.000667417 39314
114564 0.000676042 35952
109794 0.000669167 37223
106186 0.000673125 37603
109317 0.000666584 39409
121769 0.000685833 39561
110179 0.000679709 44106
112997 0.000674875 36474
102946 0.000675167 40609
107962 0.0006595 36390
111642 0.000676292 41163
110198 0.000685959 40151
121813 0.000748875 44143
105190 0.000675542 40612
109173 0.000684833 38780
109084 0.000685208 36465
106088 0.000671167 37785
107993 0.000682209 39995
108048 0.00067675 37536
108333 0.000684417 37971
118925 0.000689625 38151
105927 0.000676667 36032
107323 0.000687833 37900
112984 0.000727625 42467
121092 0.000683 41327
103829 0.000685542 38510
103943 0.0006725 39620
106942 0.000673958 37334
109639 0.000709709 39226
110735 0.0006865 43350
108928 0.000686792 38664
114244 0.000680417 43040
107229 0.000674875 40576
118184 0.000673 41571
107862 0.000685167 40870
113806 0.000686375 44078
110401 0.000680166 40723
112966 0.000699917 43585
111757 0.000673875 36329
110146 0.000690208 44701
118867 0.000703833 47768
125116 0.000721708 41240
105051 0.000693166 36942
106216 0.00069925 41417
116570 0.000720958 43776
104418 0.000686334 38082
117059 0.000698792 41580
109172 0.000689541 38797
104654 0.000687208 38099
111554 0.00068475 39044
111721 0.0006835 40259
116543 0.0006985 42183
117909 0.000696292 41925
110472 0.000677666 37670
116864 0.000698 40854
114803 0.000697417 45490
106843 0.000679917 39273
102779 0.000683208 40146
110095 0.000685291 37094
113015 0.000715709 43451
105140 0.000690416 39308
114423 0.000718167 37770
105495 0.000717125 37426
111904 0.000684792 42531
109402 0.000681 41144
118869 0.000713291 48417
109217 0.000688 40200
105261 0.00067875 38441
105529 0.000680917 40598
107366 0.000681041 39177
112326 0.000693125 41048
116035 0.000695125 39444
114641 0.000710459 40342
113541 0.000709375 41372
110430 0.00070275 41697
109689 0.000700875 38062
120490 0.000761583 42506
107066 0.000725583 38995
110063 0.000697834 41188
118440 0.000715416 41942
106964 0.000703625 41685
107362 0.000696583 41309
115626 0.000698542 39434
109931 0.000710833 40301
109324 0.000694791 41095
114466 0.000714166 43199
107917 0.000682 36263
116968 0.000699375 39528
107976 0.00068675 39647
114755 0.000700916 41933
110244 0.000694375 43424
107980 0.000727209 41308
107690 0.000685208 40063
107906 0.000696625 39138
112071 0.000697333 41527
107947 0.000706 39591
110555 0.000699167 40621
109484 0.000696125 39434
112106 0.000699667 39524
118675 0.000698583 39402
117452 0.000714375 42594
120487 0.00072825 44754
111369 0.000702667 38445
120592 0.000728958 41168
120523 0.000729667 43851
111773 0.000710167 41195
110407 0.000729708 43087
108363 0.000730458 38572
108225 0.000740209 38408
120991 0.00073175 42603
117893 0.000712083 42200
118584 0.000736834 46644
114954 0.000708833 44030
111623 0.000705708 43512
104775 0.000698375 39935
123110 0.000717625 41427
121785 0.000721375 43810
114949 0.000710959 38885
109644 0.000704708 42313
119201 0.000702542 37702
119247 0.000740416 46302
108955 0.000696291 37961
111658 0.000704875 39978
112544 0.000760041 43878
112265 0.00072475 37042
111417 0.000702375 39798
109956 0.000697542 39865
122155 0.000726834 45678
112986 0.000693083 39501
122672 0.00072875 39360
118357 0.000716334 42705
109500 0.000705084 38751
112944 0.000717708 42387
111066 0.000719666 41879
114900 0.000718875 38012
118693 0.000722958 43387
115229 0.000725959 44489
116976 0.000717958 38980
114771 0.000730583 40396
119444 0.000756834 44932
118727 0.00075675 46959
119093 0.000739334 42427
111418 0.000710125 40633
125045 0.000745208 45413
110365 0.000714417 38425
112373 0.000720917 42820
119362 0.000705917 38193
110168 0.00071275 41243
115275 0.000710916 39282
109397 0.000715166 42181
116714 0.000727583 39379
109624 0.000707291 39299
119711 0.00071375 41089
111149 0.000705 41748
123076 0.000749416 40080
113711 0.000754375 41198
125051 0.000726333 37343
111581 0.000714084 41347
113652 0.000731 40767
115171 0.00072525 44581
125406 0.000744125 45474
121646 0.000733791 45751
125298 0.000764667 50549
117618 0.000720458 39715
112550 0.000730208 43500
126650 0.000735333 44787
108885 0.000723542 39934
121100 0.000745041 47642
110876 0.000721042 42342
132722 0.000824958 52932
123105 0.000768917 43202
130972 0.000756791 46708
113620 0.000721833 40175
112945 0.0007285 43638
114633 0.00073375 44254
114536 0.000731 44923
113340 0.000723292 42474
114647 0.000730416 41453
122973 0.000737708 45853
117997 0.0007345 41736
115739 0.0007185 39478
124069 0.000740209 44464
113597 0.000714458 39471
115253 0.000744042 45916
115035 0.000730041 41429
112263 0.000756708 42415
121283 0.00073175 41567
116201 0.000729292 43368
118175 0.000726375 43417
119432 0.00072725 41332
119080 0.000740458 44064
120682 0.000738042 41401
117076 0.000730833 42089
115671 0.000749708 43836
118871 0.000747125 47606
116419 0.000741334 44575
117617 0.000737917 44165
121606 0.000740667 45360
115047 0.000747125 45129
122308 0.00075725 43269
117836 0.000741709 40640
129572 0.000806458 49086
126765 0.000743125 45576
122431 0.000744041 39045
119500 0.000761917 44555
114408 0.000742041 42558
116605 0.000727791 41335
126538 0.00075375 42513
114310 0.000737541 42721
117302 0.000744666 41701
117672 0.000735667 42177
115790 0.00074075 44110
116749 0.000733917 40924
124153 0.000750541 43309
114127 0.000724666 39189
117057 0.000786083 42092
113075 0.000771875 42135
123231 0.000752208 43194
118470 0.000738791 43021
121939 0.000729917 39976
118187 0.000747292 41580
117148 0.000742875 42327
117919 0.000761709 45458
119080 0.000748584 42164
120598 0.000734625 39728
135599 0.000771875 46091
117659 0.000746209 41744
126278 0.00075875 44194
119414 0.000754667 39228
125915 0.000792292 46870
116842 0.000802 43408
113299 0.0007745 42703
116934 0.000808125 41218
114999 0.000746709 41307
131235 0.000764583 45919
117143 0.000733 39737
117081 0.000748375 43907
125305 0.000755458 41251
129590 0.000780042 49085
125840 0.000757708 42155
119481 0.000749041 41576
118128 0.000763542 42712
114832 0.000756334 44448
116492 0.000746709 42102
128054 0.000764125 46730
124986 0.000804166 49431
124205 0.000774416 45336
117795 0.000750792 42233
113515 0.000744917 41746
115258 0.000757125 45503
124919 0.000760166 44995
122785 0.000754417 43229
122991 0.000767375 44711
121520 0.000752042 41022
128586 0.000801959 47274
119386 0.000760667 44505
124747 0.000771833 42213
135444 0.000786375 49925
120660 0.000755541 44922
119331 0.0007635 44308
123089 0.000806458 46198
120779 0.000793333 44071
132748 0.000784667 46224
114840 0.000761959 45387
126214 0.000749084 43627
123524 0.000776041 46104
123120 0.000759792 48480
126904 0.000777459 43326
121077 0.000759083 43608
124923 0.000771084 45091
115983 0.000759083 43292
121252 0.000772458 41703
124060 0.000748041 40476
125750 0.00077875 46520
124363 0.000752292 41279
124445 0.0007995 45346
116867 0.000794375 41160
118859 0.000779417 43745
138759 0.00079175 45362
117796 0.000760375 42152
123280 0.000778125 45229
123454 0.0007535 41372
119914 0.000759041 44037
124219 0.000769292 45229
122521 0.000775417 47599
125792 0.000749167 41702
127231 0.000778541 42408
127386 0.000790375 45056
127454 0.000811791 43679
119421 0.000782708 40323
118760 0.000757458 46758
134753 0.000788083 48591
135224 0.000781333 41175
120472 0.000782459 44329
124607 0.000768375 45575
122873 0.000769584 44675
134524 0.0007835 42932
141404 0.000801833 45413
118619 0.000771375 47510
120275 0.000785166 42308
121316 0.000784209 42616
121175 0.000778 47004
126526 0.000787167 46612
115903 0.000760375 41650
126587 0.000761708 39684
120113 0.000776792 42094
131506 0.000784541 47715
119713 0.000765834 43437
131116 0.000772916 44913
129514 0.000754458 42205
136094 0.00080075 50725
121008 0.000821667 48001
123440 0.000805208 47314
131982 0.000797042 48282
121853 0.000780292 46858
124380 0.000779167 46304
131410 0.000795667 51813
118848 0.000777 46296
118691 0.000773208 44038
134367 0.000806041 48365
129218 0.000786292 45106
130300 0.000791875 47075
127974 0.000796291 44022
119627 0.00082675 46147
130206 0.000790333 48208
124959 0.000783625 45222
121251 0.000792125 45368
131976 0.000766625 43120
123841 0.000773292 45920
119600 0.000769125 42192
124893 0.000796208 45971
117610 0.000768625 44576
121824 0.000770708 45351
124590 0.000782375 45254
137575 0.00083325 54436
124685 0.000792417 42180
123204 0.000781 44953
124731 0.000836875 52337
129220 0.000789833 53907
124303 0.000785417 49283
123862 0.000802083 42616
125261 0.000782791 44985
122701 0.000777583 45070
130320 0.000792125 41091
123416 0.000789042 44715
124921 0.000789291 48006
127578 0.000802458 43498
137482 0.0008045 47143
135283 0.000799833 49851
120262 0.000785709 44527
119999 0.000782875 45619
122957 0.000787208 44515
127063 0.000782875 44417
140217 0.000815291 54766
123971 0.000793875 47379
136584 0.00081075 44763
127407 0.0007815 42805
133755 0.000796 48032
126912 0.000838667 46693
129608 0.000789791 44539
142322 0.000856834 60514
129902 0.000810333 54028
150789 0.00084025 50582
128528 0.000794583 48579
124522 0.000782666 48897
118567 0.000782167 44049
120171 0.000780333 45087
129888 0.000785041 46915
129698 0.00078575 44683
139911 0.000864334 51845
125675 0.000826708 43429
128287 0.000806875 45267
142041 0.000832916 56051
123376 0.000787959 45015
118966 0.000803 46021
133579 0.000813167 50571
129437 0.000809084 44091
126710 0.00080875 47220
124796 0.000802084 46113
128900 0.000802625 46061
125366 0.000809875 47626
125124 0.000819625 43253
134386 0.000799583 41712
134789 0.000808083 47053
124366 0.000801791 45630
141199 0.000838167 57497
122263 0.000815791 44787
128165 0.000807292 47051
118533 0.000807958 44372
128403 0.000809833 47183
131760 0.000803791 44062
131066 0.00081425 46417
135563 0.000823417 46555
133222 0.000835417 42675
135987 0.000799542 46159
126474 0.000798042 45209
131003 0.0008045 44453
128740 0.000812541 46309
123715 0.000807417 47247
127456 0.000822084 47044
133290 0.000831791 51931
135974 0.000824292 51720
132557 0.000815125 47251
134083 0.0008545 45924
127104 0.000800834 44399
141612 0.000831084 48320
129961 0.000814584 48489
139417 0.00083075 48493
129669 0.000835125 51088
125157 0.000798833 44455
142054 0.000848875 48955
124837 0.000819375 45920
147517 0.000836459 44143
128792 0.000800917 45341
130788 0.00082525 50139
131201 0.000851375 47984
134001 0.000822333 47302
129296 0.000811375 44269
140686 0.000819875 43889
124217 0.000814458 48162
143350 0.000850625 46906
125427 0.000826209 48043
137099 0.000822458 48934
141105 0.000839666 52356
124986 0.000815625 44598
127115 0.000813125 43752
129077 0.000866334 44863
131285 0.000825375 46802
128146 0.000803166 46689
136648 0.000829875 50784
133616 0.000815083 44509
125540 0.000820833 48482
132798 0.000817667 49161
142014 0.000849042 55901
128126 0.000820084 46654
132135 0.000811708 45625
136803 0.000842917 52380
136874 0.000879167 46525
137548 0.000837125 45516
125646 0.000822292 46330
131143 0.000833583 52063
124754 0.000819666 47255
139843 0.000874375 55017
129886 0.000815083 49069
125235 0.000814167 46193
134815 0.000845917 52609
142970 0.000835542 47184
132419 0.000819541 45929
147234 0.000864666 44428
129513 0.000852375 44764
132225 0.000821708 45183
132406 0.000805916 48593
146339 0.000835375 49188
129395 0.000806416 42475
124299 0.000841584 45604
127486 0.000813334 45874
128115 0.000820291 46671
130677 0.0008365 48581
133150 0.000828708 49049
129911 0.000827125 49991
141565 0.000863541 56521
129874 0.000852958 50665
130969 0.000843708 46409
129984 0.0008285 49071
129884 0.000849583 42547
139287 0.000843834 48998
138884 0.000854834 44961
136820 0.000859667 48498
130115 0.000832167 45429
134068 0.000852334 47467
146409 0.000872333 58406
131393 0.000855959 48670
135986 0.000829875 46449
139471 0.000826333 45527
139769 0.000850125 49409
135740 0.000833541 51786
136484 0.000845958 47234
141953 0.000848625 51440
135939 0.00084675 46154
130442 0.00083925 45501
135140 0.000834625 46088
134468 0.000833292 47464
137818 0.000879916 46683
156292 0.00085875 50315
141236 0.000853833 53269
132028 0.000828375 47274
130318 0.000832666 48104
133214 0.000846709 51437
132005 0.000845584 46531
136119 0.000841125 53195
133609 0.000838167 45317
137453 0.000845166 51546
146880 0.000859458 50277
140096 0.000873667 53765
132446 0.000844792 49049
145718 0.000854834 51592
141497 0.000850917 55338
134376 0.00084375 47917
136574 0.000859583 50936
130286 0.000841208 46886
149111 0.000862958 52795
128428 0.00084575 50127
131819 0.000836875 46507
131779 0.000857834 51517
139141 0.0009085 50306
137940 0.000847958 47998
133117 0.000839625 47215
128418 0.000839708 47215
134321 0.000830167 44752
140499 0.000856792 46958
141430 0.000860833 50696
144861 0.000878334 57359
136902 0.000841917 47534
138176 0.00083775 46532
142336 0.000852333 50520
136254 0.000882583 47711
133069 0.000867083 53208
134744 0.000850459 48547
133304 0.000839833 47807
140828 0.000851917 47679
134868 0.000861875 50875
135672 0.000880208 50419
144343 0.00085925 46604
148926 0.00087 45086
135873 0.000849375 46003
141194 0.000872208 48793
138684 0.000880167 49604
137357 0.000870208 48982
135489 0.000856083 48366
139774 0.000843833 47191
148793 0.000878042 53576
136978 0.000870667 51818
144498 0.000861709 52286
140748 0.000862667 50305
134241 0.000841959 47388
139525 0.000858292 44926
137149 0.000842417 48265
135382 0.000899708 50646
135168 0.000872541 49814
132786 0.000862917 51823
134504 0.000847417 46396
136595 0.000867791 49390
131788 0.000861209 47614
136425 0.000869125 51597
141917 0.000879917 54317
142604 0.000870209 53092
141577 0.000879834 53814
142928 0.000853333 49043
142608 0.00088875 43506
137179 0.000874125 49882
134098 0.000857708 49282
142327 0.000868167 45068
139513 0.000873209 51843
141169 0.000868041 51026
137988 0.00090225 50123
134514 0.000867583 51197
138700 0.000871584 50819
146609 0.000885875 47130
142534 0.000849791 47760
143245 0.000907958 50053
137107 0.0008665 46616
151588 0.0008835 49353
136984 0.000865042 49470
139286 0.000864208 49241
137523 0.000882916 52809
136718 0.000880584 51097
146331 0.000882084 50014
136589 0.000861833 47584
138777 0.000871792 47199
138516 0.000863291 48564
138691 0.000911833 55619
140807 0.000869625 53209
142407 0.000874125 54707
140554 0.000886083 52016
138257 0.000860625 49417
133933 0.000862333 50009
142850 0.0008825 49504
136721 0.000876917 51061
136274 0.000859292 48866
138658 0.000867875 48768
133765 0.000880208 48520
153107 0.000941667 51110
159552 0.000896709 48765
135755 0.000869459 46626
140542 0.000883417 48877
138133 0.000873708 50231
142016 0.00087075 49360
139864 0.000877583 51085
154770 0.000893166 48043
132013 0.000869542 48764
148649 0.000882458 51963
136095 0.000896125 54012
146754 0.000924375 49047
146387 0.000905709 56310
138957 0.000878667 52691
141340 0.00087375 49039
149177 0.000889584 52170
136454 0.000872708 47524
140432 0.000875959 49917
133510 0.0008695 52087
134795 0.000878125 49864
136685 0.000872959 51079
140502 0.000915542 49464
140751 0.00089925 52880
151104 0.000884209 54475
144731 0.000900917 56573
148586 0.000890625 52271
138403 0.000880292 50154
143527 0.000888 52042
142336 0.000878875 49527
141987 0.000891042 55358
138873 0.000889709 53133
146685 0.000886791 49450
142806 0.000925125 52953
133100 0.000941834 52752
137521 0.000952833 48056
140628 0.000895291 53907
146853 0.00088375 53336
164931 0.000931833 60846
157902 0.000907583 56539
144285 0.000908 51645
132629 0.000875583 49986
145980 0.000894459 52672
151668 0.00095225 55166
137912 0.000894125 50015
139202 0.000886083 49986
145043 0.000885917 48458
142496 0.000889291 49035
146742 0.00089275 52497
151071 0.00090075 57458
149485 0.000918834 56961
140407 0.000877625 49681
140692 0.000870958 48934
142897 0.000879542 51083
137095 0.000912959 51581
148442 0.0008985 49934
138474 0.000889792 53101
147974 0.000933958 52830
136037 0.000889459 49493
142680 0.000902291 50053
159623 0.000912542 50364
140437 0.000886125 48914
145748 0.000901542 54973
147586 0.000905625 53533
148356 0.000902416 54880
143584 0.000893625 48683
141673 0.000893 49896
143644 0.000914667 55716
142640 0.000899041 54295
156048 0.000912042 53329
143105 0.000909416 50757
145517 0.000895791 50756
143055 0.000900709 50521
141201 0.0009095 53795
153020 0.000911875 52505
149412 0.000942291 54128
141046 0.00092575 53211
145992 0.000912125 51962
145486 0.000898292 49108
140493 0.000913833 53111
163399 0.000912667 48502
149682 0.000915708 54210
137322 0.000882417 51011
153365 0.000921541 55416
155528 0.000905291 51616
145534 0.000894833 52106
147210 0.00093925 49429
149731 0.000906834 54036
147225 0.000914125 49260
147537 0.000955209 55845
141663 0.000917667 53142
149414 0.000911916 57305
142204 0.0009 49209
153235 0.000912916 49918
146223 0.000906334 54445
156751 0.000918208 58001
149770 0.000932417 51902
147687 0.000958667 58665
156139 0.000927 60742
140577 0.000895584 50015
145838 0.000904333 52024
142720 0.000895125 48521
149610 0.000920125 53937
146557 0.000893209 51511
139178 0.000899208 47759
153837 0.000909167 54299
147898 0.000920125 50810
150383 0.000946 48532
141729 0.000903208 51332
151482 0.00092575 51946
143796 0.000918416 56963
143516 0.000909417 55253
148735 0.000923375 55991
158960 0.00093075 51775
144403 0.000920792 52521
139657 0.000914583 54135
147480 0.000914208 50832
137252 0.000930208 50557
147396 0.000930125 53014
143067 0.000908584 53029
147460 0.000927875 55557
157456 0.000924625 50294
172246 0.000959167 53815
142915 0.000912833 53537
145266 0.00090325 53056
152537 0.000916625 50712
142584 0.0009115 52396
150923 0.000931875 50174
154683 0.000970917 61590
155830 0.000940042 57138
160087 0.000945666 56044
148342 0.000943458 51703
146135 0.000919541 53602
147660 0.000934125 56536
145469 0.000923333 56221
146998 0.000924833 59501
152788 0.000930875 57441
149418 0.000916041 53206
155003 0.000929417 56726
146481 0.000948167 54709
143021 0.00091875 52202
153835 0.000935125 54047
150479 0.000918583 49729
148184 0.000917583 55699
149535 0.00093425 59182
144967 0.000922792 49935
147091 0.000910541 51392
144953 0.000927417 54613
143678 0.000916583 51362
143269 0.00094825 53793
159300 0.000947667 51179
146432 0.000932166 56572
153149 0.000939375 56988
156056 0.0009435 58302
162653 0.000947875 56939
165344 0.000965042 50347
149156 0.000931041 51754
143269 0.000918292 51443
147529 0.000931291 55174
147848 0.000963417 55992
154509 0.000932542 61830
151561 0.000931334 55665
151080 0.000927625 52395
167941 0.000951541 50102
148361 0.000928375 52249
152300 0.00092275 54931
143918 0.00091825 53115
143128 0.000924709 49956
149909 0.000925959 53645
164802 0.000980833 60174
147195 0.000967 50742
157372 0.000940042 52513
155968 0.000958416 53555
150475 0.000918834 51318
147144 0.000924958 52835
146530 0.000931458 53137
156961 0.000968167 58993
142181 0.000936209 50233
144978 0.000927292 50797
148697 0.000941167 57638
149259 0.00101379 54366
158186 0.000930583 50290
147778 0.000931125 52633
148204 0.000928208 52872
149749 0.000941291 55888
153969 0.000933625 59292
148770 0.000943416 50801
150244 0.000936542 55027
148608 0.000945375 55696
149453 0.000948792 55479
149632 0.000964166 51245
145893 0.000969459 57221
146502 0.000927417 50141
145812 0.000948292 55312
158203 0.000943667 52180
177293 0.000984042 51963
144841 0.000923375 50979
146661 0.000945667 52976
147503 0.0009115 49541
150739 0.000945083 54232
153011 0.000950125 52937
156225 0.00102733 55592
159964 0.000946042 52195
161558 0.000967334 61552
169913 0.000969292 56791
148671 0.000946708 54117
160771 0.000954917 56782
154118 0.000954041 58909
150416 0.000964125 56252
147300 0.000932042 51865
147198 0.000974916 57729
152312 0.000956 51571
152920 0.000981542 53875
157233 0.000952583 52396
145948 0.000937958 53286
156362 0.000951083 52168
167904 0.000989167 64172
153193 0.000948625 53151
144550 0.000946 53623
153159 0.000962292 60477
160662 0.000955959 50770
164129 0.00103146 56657
152852 0.000946458 51678
152002 0.000947833 52194
157571 0.000953625 53838
161412 0.000957708 55387
162366 0.000947459 52287
157192 0.000959125 55622
152234 0.000952959 53844
157294 0.0009685 60259
160908 0.000963333 53123
153352 0.000968625 52691
149714 0.000946042 57082
153671 0.000944417 55870
157976 0.000967875 56907
155055 0.000945834 52366
154338 0.000955542 54579
164109 0.00096825 59135
155280 0.000937708 52798
147087 0.000936167 56295
153627 0.000955541 54772
155085 0.000966875 60535
155662 0.000964209 59161
171886 0.00100854 60488
147643 0.000964459 57496
155178 0.000959542 55754
152700 0.000971917 57290
155671 0.000961708 53073
175053 0.00100487 61758
151301 0.000955666 51464
162943 0.000955959 51754
157972 0.000966666 53890
150806 0.00101242 57515
144767 0.000961708 56790
152195 0.000960583 55288
148206 0.000964083 51624
155839 0.000974709 60274
157323 0.000974917 55199
157658 0.000982833 57041
169206 0.000980208 59501
163127 0.000975625 60245
156356 0.000952167 53585
155737 0.000960666 53149
148908 0.000960333 54516
150961 0.000956709 53148
159871 0.000964125 52760
152828 0.000971833 58663
158623 0.000982291 62938
159140 0.000978125 54285
160837 0.000970833 56773
