3855 0.000109 3956
3992 0.000101542 4056
3732 9.5708e-05 3798
3906 9.6333e-05 3959
3779 9.1208e-05 3865
3847 9.4625e-05 3946
3851 9.2875e-05 3936
3728 8.9e-05 3783
3910 9.175e-05 3953
3817 9.2625e-05 3936
3848 9.3125e-05 3964
3737 9.025e-05 3730
3914 9.3625e-05 3991
3698 8.75e-05 3710
3852 9.2083e-05 3938
3902 9.5e-05 3995
4011 9.9166e-05 4159
4027 9.6458e-05 4133
3863 9.2125e-05 3942
3840 9.2e-05 3924
3740 8.9042e-05 3764
3730 0.0001075 3671
4039 9.6167e-05 4108
3903 9.3292e-05 4031
3780 9.1416e-05 3801
3708 9.05e-05 3721
3822 9.3042e-05 3911
3793 8.975e-05 3845
3986 9.3792e-05 4119
3778 8.9541e-05 3820
9440 0.000220916 9247
9253 0.000217375 8914
9384 0.000217083 9233
9200 0.000211375 8932
9089 0.000208834 8757
9053 0.00020775 8657
9210 0.000193792 8999
9047 0.000180875 8738
9464 0.000188333 9066
8969 0.000178625 8550
9215 0.000183292 8856
9300 0.000184875 9055
9091 0.000182583 8752
9114 0.000200958 8727
9111 0.000182916 8835
9283 0.00018675 9039
9013 0.000178834 8780
9457 0.000189583 9328
9085 0.000182791 8861
9144 0.00019775 8902
9227 0.000185916 9016
9122 0.000181833 8846
9202 0.000185166 8994
9524 0.000191125 9268
9041 0.000183708 8771
9419 0.000186625 9331
9133 0.000184458 8869
9040 0.000180541 8831
9231 0.000182833 8965
9425 0.000187875 9316
15932 0.000320917 15790
16226 0.000326083 15780
15938 0.000318083 15432
15975 0.000317667 15721
16562 0.000327292 16169
16363 0.000323042 16098
15866 0.000334542 15319
16350 0.0003325 15951
15950 0.000315041 15696
16235 0.000318792 15838
15912 0.000314291 15309
16213 0.000332334 15897
16084 0.000313333 15681
16685 0.000292042 16517
16520 0.000285834 16137
16069 0.000281334 15766
15773 0.000297167 15454
16042 0.000279875 15701
16300 0.00028325 16064
16409 0.000284 16122
16060 0.000278666 15713
15969 0.000278667 15471
16338 0.000283625 16138
16039 0.000278666 15852
15517 0.000271209 15218
16127 0.000279166 15597
16478 0.000286667 16212
15731 0.00027375 15386
16478 0.000286833 16332
15911 0.000288459 15554
22240 0.000388375 21309
22180 0.00037875 21377
22602 0.000385833 21565
22488 0.000383292 21509
22489 0.000396291 21441
22687 0.000389917 21962
22669 0.000392958 21977
22838 0.000393875 22132
22463 0.000383916 21541
22621 0.000379541 21779
22434 0.000343375 21563
22347 0.000344791 21587
22604 0.000347334 21900
22146 0.000341542 21331
22664 0.000351167 21580
22872 0.000351667 22120
22455 0.000345375 21720
22581 0.000346 21530
22571 0.000347167 21657
22744 0.00037775 21868
22710 0.00035225 21581
23003 0.000371958 21921
22470 0.00035825 21433
22425 0.000353708 21594
22833 0.000376958 21948
22175 0.000341625 21206
22508 0.0003455 21223
22526 0.000347291 21737
22641 0.000347708 21906
22237 0.000338292 21316
30248 0.0004235 28689
30315 0.000424375 29048
30517 0.000425542 29191
30399 0.00042275 28762
30158 0.000423334 28671
29913 0.000419791 28538
30229 0.000422417 28898
30829 0.000428417 29256
30260 0.000425916 28976
29839 0.000417458 28354
30170 0.000425583 28850
30773 0.00042925 29384
30284 0.000424917 28864
30707 0.000429166 29525
29881 0.00042075 28283
29955 0.000418125 28523
30016 0.000419708 28835
30162 0.000390708 28808
29730 0.000379833 28373
30400 0.000390792 29049
30146 0.000388 28544
30267 0.0003895 28927
30052 0.000386333 28693
29608 0.000381709 28215
29999 0.00038475 28654
30000 0.000384542 28673
29885 0.000382042 28547
30436 0.000388083 28584
29893 0.000384083 28508
29769 0.000380958 28394
37283 0.000479375 35353
37850 0.000497583 36266
37125 0.000477667 35355
37800 0.000486208 36242
37417 0.000468417 35206
36994 0.00044575 35325
37076 0.000445 35275
37628 0.00045325 35970
37078 0.000456167 35100
37557 0.000453167 36057
37603 0.000451375 35201
37742 0.000450458 35358
37400 0.00045575 35284
37397 0.000446958 35435
37741 0.000451833 35886
37746 0.000452291 35901
37478 0.000465208 35388
37534 0.000449583 35928
36627 0.000440916 34641
37338 0.000448375 35644
37433 0.000451709 35789
37990 0.000453834 36374
37494 0.000445416 35054
37669 0.000450084 35633
37361 0.000436208 35836
37470 0.000415458 35746
37671 0.0004215 35646
37422 0.000415708 35604
38037 0.0004485 35802
37579 0.000424084 35739
44240 0.000494125 41361
44982 0.00051 41933
44663 0.000501625 41765
44295 0.000489042 40979
44700 0.000489375 41561
44803 0.000493042 42105
44592 0.000494084 41727
44178 0.000488125 41425
45128 0.000496708 42464
44284 0.000490834 41325
44522 0.000489209 41904
44296 0.000490166 41346
44362 0.000489125 41618
44463 0.000489 41118
43802 0.000497208 40300
44694 0.0004905 41777
43336 0.000477208 40460
44348 0.000484584 41014
44843 0.000480916 42073
44934 0.000475292 41843
44483 0.00047775 41379
44837 0.000479375 42096
44876 0.000474833 41951
43945 0.000467917 40916
44748 0.000478834 41575
44064 0.000466375 41337
43810 0.00047075 40776
43878 0.000466792 40655
44627 0.0004745 41494
44242 0.000473917 41157
52807 0.000568542 48727
53538 0.000563584 50567
53426 0.0005575 49900
54219 0.00058525 50574
53478 0.000565042 50313
52199 0.000553042 48495
53296 0.00058625 49633
53163 0.0005585 49794
52488 0.000547667 48682
53572 0.000570916 50063
53089 0.000560583 49627
53038 0.000560125 50077
53453 0.000560167 50157
52955 0.000580083 49109
54018 0.000560166 50615
53503 0.00056725 49600
53549 0.000571667 50696
52587 0.000560625 49093
53457 0.000551291 50335
53181 0.000544834 49832
53519 0.000546333 50201
52669 0.000542542 49051
53303 0.000547458 49491
53262 0.000562875 49634
52388 0.000557333 48829
52479 0.000534917 48837
53938 0.00059775 50392
52624 0.000556917 49020
52948 0.000560125 49219
53359 0.000570667 49847
64108 0.00068825 61472
63112 0.000658792 60440
62704 0.000647375 59935
63534 0.000656584 60579
63601 0.000668291 60337
62749 0.000669875 59872
63861 0.00067775 61269
63529 0.000654291 60821
63290 0.000652792 60537
63726 0.000696666 60635
63165 0.000664708 60330
63117 0.00068075 60557
63666 0.000662208 60242
63092 0.000648917 59901
63060 0.000649125 60413
63626 0.000664417 60682
62458 0.000669708 59135
63437 0.000677625 60732
64111 0.000656208 60963
63171 0.000651625 59953
63000 0.000666959 59790
63851 0.000695166 60519
64086 0.000666041 60838
62958 0.00065 59744
62674 0.000652042 59568
63991 0.000663167 61000
63795 0.000658625 61449
63564 0.000654167 60637
62948 0.000647375 60157
63480 0.000660583 60965
71455 0.000732958 67586
72036 0.000738792 68682
71085 0.000760167 67690
72105 0.000736875 68618
71878 0.000738667 69038
71623 0.000731583 67245
72235 0.000744708 69020
71052 0.000728833 67735
71926 0.000740166 67999
71809 0.000733834 68630
72467 0.000745334 68423
71749 0.000732625 67957
72734 0.000755166 69099
72118 0.000746667 68621
72147 0.000738542 68186
72360 0.000748167 68780
71543 0.000740916 67936
71701 0.000734708 68283
71329 0.000732 67968
71005 0.000726 67220
71486 0.000732875 67958
71691 0.000729709 68480
71784 0.000735084 68273
71749 0.000737708 68621
71543 0.000734792 68443
71128 0.000725625 67371
70682 0.000724625 67348
72315 0.000741666 68606
72117 0.000741375 68533
72593 0.000741916 68883
78701 0.000808166 73797
78016 0.000792375 72376
78570 0.00080425 74452
78642 0.000817667 74013
78412 0.0008275 72669
78632 0.000811584 73241
78255 0.000828208 74342
78323 0.000820584 73185
79031 0.000837417 73979
79055 0.000843041 73859
78695 0.0008275 73490
78825 0.0008655 74578
77623 0.0008465 72714
78840 0.000829084 74789
78795 0.000831416 73925
78926 0.000829584 74134
78313 0.000821083 73861
78695 0.000825083 73648
77800 0.000819875 72931
77720 0.000815583 73104
78200 0.000826291 73038
77049 0.000809958 72593
78472 0.000855083 74014
78197 0.000882084 73490
78075 0.000853292 74311
78640 0.000853167 74545
77841 0.000819792 73105
76985 0.000810833 72069
78896 0.0008345 74476
78545 0.000830459 73525
87771 0.000923333 81757
86328 0.000908542 81173
87985 0.000930792 82745
86475 0.000917958 80988
87354 0.000923125 82451
87585 0.000921625 81671
87163 0.000922875 81602
88126 0.0009275 82641
88096 0.00093075 82454
87179 0.00092975 81711
87602 0.000928916 82214
87826 0.000932417 83188
87689 0.000929583 82716
88120 0.000929417 83222
88190 0.000929917 82241
88298 0.00093175 82748
89277 0.000950791 84474
87450 0.000919917 81586
88296 0.000930625 83016
86927 0.000917125 81607
87807 0.00093125 83144
87115 0.000914875 81508
87844 0.000927333 82425
87823 0.000925792 81280
87976 0.000932958 82935
88515 0.000965834 83619
87876 0.000925416 81858
88066 0.000935 83427
87146 0.000926042 82004
86607 0.000917875 81348
96791 0.00101471 90832
95959 0.00100733 90534
95016 0.000996917 88342
96781 0.00101763 90572
97056 0.00101996 90985
96834 0.00101933 90221
97769 0.00101913 90271
97108 0.00102012 91088
96226 0.00101254 89806
96232 0.00100371 88655
96995 0.00104354 91358
97473 0.00102375 91073
97422 0.000986334 91240
96861 0.000979084 90997
95676 0.000973125 89685
97341 0.000981292 90232
97912 0.000987041 91451
96230 0.000972792 90227
96176 0.000976917 89486
96700 0.000982042 90640
97864 0.000989666 91190
97400 0.00100175 90404
96893 0.000998041 90693
97027 0.00102096 91448
98246 0.000992 91690
96634 0.00100379 90077
96407 0.00102625 90186
97920 0.00103875 92242
96124 0.000985666 89630
96637 0.00103188 90182
107863 0.00112158 101314
108088 0.00109533 101474
108094 0.00111208 101937
108791 0.00117079 103008
107405 0.0010855 100901
107292 0.001096 100094
107922 0.00113271 100956
106604 0.00108346 100066
106944 0.001091 99963
106296 0.00111312 99936
106632 0.00117633 99835
109186 0.00118808 102463
107272 0.00114246 100493
107662 0.00113233 101002
107293 0.00110717 100712
107355 0.00109921 101580
107712 0.00114712 100717
108713 0.00110004 102192
107471 0.00108879 100749
108731 0.00114671 102449
107174 0.00110162 100406
107289 0.0010895 101295
107077 0.00111738 100477
108097 0.00115317 101642
106846 0.001155 100306
106206 0.001113 99817
108800 0.00113558 101675
106360 0.00108 99605
107295 0.00109833 101801
107707 0.00113158 101370
117812 0.00122933 111047
116571 0.00118521 109309
117224 0.00122492 108363
115935 0.00117933 107994
116319 0.00117842 108362
116347 0.00122838 108467
116039 0.00121 108903
116737 0.00125162 108372
116654 0.0012475 109425
115772 0.00122046 108147
113653 0.00117521 106086
116197 0.00121258 108735
116761 0.00120667 108309
116134 0.00119217 108673
116622 0.00121437 108983
117382 0.00121079 110369
115438 0.00117279 107924
114585 0.001195 106717
116191 0.00120396 107964
115963 0.00118704 108613
115617 0.00123325 107372
117614 0.00122525 110819
114788 0.00120946 106601
117480 0.00120596 109479
117065 0.00122188 110490
117290 0.00118312 110939
116121 0.001215 109636
116563 0.00121937 108675
115733 0.00117121 109174
115340 0.00117321 107234
123643 0.00129483 114416
125009 0.00126733 115921
124043 0.00131779 115481
124483 0.00130004 115817
125598 0.00131492 117371
123340 0.00126554 114473
124857 0.00129771 116971
124518 0.00126554 116258
125358 0.00136546 116838
124477 0.00129083 115602
125816 0.00127217 116948
124711 0.001304 115736
125008 0.00128383 116677
125121 0.00127908 116957
123908 0.00131604 114154
124535 0.00135071 115790
125013 0.00126058 115543
124073 0.00130804 115892
122805 0.00126521 114361
122589 0.00123796 114003
125669 0.00131996 116698
123613 0.00125375 115632
124112 0.00127117 115627
125254 0.00131125 116462
125733 0.00129408 117378
124009 0.00125583 116131
123372 0.00135787 113485
124255 0.00130404 116448
125076 0.00127896 116383
125543 0.00132654 116733
133945 0.00136063 125229
131668 0.00137863 123205
132961 0.00138271 123751
135229 0.00137538 125965
134128 0.0014135 125885
133712 0.00136513 125164
134393 0.00139092 124440
134176 0.0014365 124409
134741 0.00145013 123534
134949 0.00146013 125506
133463 0.00143175 124441
135353 0.00140712 126920
134700 0.00141942 125797
134049 0.00138454 125239
134357 0.00137246 125153
134043 0.00139908 124760
134983 0.00136954 126611
134742 0.0013995 125926
134036 0.00138171 125523
132659 0.00146004 123126
135102 0.00147963 126368
133471 0.00145771 123388
135359 0.00139375 126842
133996 0.00140379 125107
133446 0.00138237 124389
133742 0.00139558 125880
134036 0.00137388 124502
134130 0.0013575 125096
134076 0.00139663 124931
134677 0.00137262 125637
142597 0.00150738 133240
143079 0.0015355 133527
141249 0.00147396 130254
142053 0.00147867 132963
143793 0.001468 135301
143986 0.00150012 134541
143294 0.00154317 133750
143472 0.00150392 133664
142626 0.00152754 132284
142563 0.00151046 132761
143175 0.00151708 132576
144266 0.00154883 134733
143149 0.00154904 132991
144062 0.00153992 134157
144517 0.00154029 133413
144152 0.00159071 133624
144085 0.00153479 132791
142825 0.00144296 132976
143995 0.00151217 134684
143342 0.00146142 134143
143042 0.00148742 133141
143267 0.00152917 135094
144309 0.00150854 135492
143898 0.001544 135258
142284 0.00157212 131690
144065 0.00150842 134653
143382 0.00150425 133756
142756 0.001455 131957
143308 0.00150296 133267
144358 0.00146688 135041
151732 0.001539 139073
150213 0.00160758 138279
151375 0.00155313 140968
150430 0.00156771 139772
151514 0.00153238 140635
151525 0.00153092 141207
151969 0.00153563 139816
152854 0.00154075 140651
151443 0.00152921 140708
150064 0.00152146 138771
149939 0.00151904 138080
151110 0.00156479 138612
150682 0.00154612 140231
149423 0.00150058 137768
149860 0.00151104 137959
150307 0.001557 138716
150904 0.00155683 139890
151471 0.00154242 140421
150845 0.00151342 138215
149776 0.00151833 138257
152280 0.00159104 140975
151259 0.00159763 139966
149868 0.00153675 138690
149357 0.00151287 137515
150574 0.00152296 138849
152194 0.00153604 140978
151162 0.00155908 139232
152444 0.00154817 140574
149792 0.00151825 137737
149844 0.00151925 138643
157588 0.0015975 145093
159365 0.00164608 146019
157691 0.00168125 144901
158358 0.00160204 147078
157814 0.00158837 144717
159869 0.00161508 147372
159865 0.00161742 147378
160947 0.00162217 148205
158132 0.00159483 146517
158241 0.00159496 143910
160934 0.00162625 148856
158305 0.00166337 146146
158466 0.00165654 145565
159097 0.001595 145438
158685 0.00160179 146068
159908 0.001623 147999
158271 0.00162746 144370
161366 0.00162767 150072
158447 0.00159983 144425
159652 0.00160242 146116
159400 0.00161575 146990
160316 0.00165971 147540
158734 0.00161663 145981
159249 0.0015985 144908
159974 0.00160692 147329
158826 0.00159967 145458
158266 0.00160987 144912
157371 0.00159017 144670
158889 0.00159392 144607
158059 0.00158812 144639
170633 0.00179887 157423
169525 0.00173354 154861
170308 0.00170979 157487
168859 0.00170208 155248
171088 0.00173875 158486
170372 0.00171504 154879
169667 0.00169992 156093
170266 0.00170704 156486
171231 0.00172167 157545
170735 0.00174621 157509
169825 0.00169504 153396
168925 0.00169487 155144
169369 0.00170033 154571
169583 0.00169875 157059
169736 0.00170121 155856
167364 0.00167425 153555
169386 0.00169942 154440
171194 0.00171504 157186
168415 0.00172871 154702
169987 0.00173671 156229
169999 0.00170971 157712
170616 0.00171367 157381
171750 0.00172387 157227
169066 0.00170146 156890
170415 0.00171562 157502
171594 0.00172158 156026
169589 0.00170579 156331
169094 0.001734 154582
167670 0.00169904 154584
169244 0.00169908 154928
180091 0.00180963 165449
179565 0.00181808 165773
180788 0.00181033 166170
180789 0.00181271 166987
179635 0.00179754 164571
181098 0.00182771 165790
181513 0.00182046 166487
178103 0.00178188 162118
180081 0.00179554 163752
179234 0.00179663 163635
179526 0.0017975 164328
180613 0.00187458 164408
181067 0.00182333 165835
178854 0.00178929 162592
179309 0.00183258 164415
179500 0.00185358 163094
180984 0.00181425 165814
179500 0.00179575 163980
179878 0.00181087 165701
180728 0.00180917 164937
177905 0.00178646 162317
179099 0.001792 162553
180570 0.00183346 164744
179419 0.00184958 163537
178331 0.00177913 163506
179739 0.00179612 165167
178077 0.00182 161737
179414 0.00180283 164887
180413 0.00179988 165592
181288 0.00181212 165212
190579 0.00190671 174690
190256 0.00196092 174575
191929 0.00197054 176469
189449 0.00193442 173337
189992 0.00196188 173417
189894 0.00192938 173023
191154 0.00192221 174896
192941 0.00193896 175640
189895 0.00196325 173289
189014 0.00201925 173566
190051 0.00194483 174008
190093 0.00189946 173125
191519 0.0019195 175469
186622 0.00186721 170113
190673 0.00191492 176320
187893 0.00191567 170968
191501 0.00194683 173717
191137 0.00199404 176071
190007 0.00193896 174141
191402 0.00191442 176240
189543 0.00191408 173486
191064 0.00199983 175765
190653 0.00190271 173517
189912 0.00194408 173722
191377 0.00192967 174227
189462 0.00198838 174508
189735 0.00194017 174318
190862 0.00193775 175082
190170 0.00190575 174786
189578 0.00192192 172815
197950 0.00201383 180481
199859 0.00203542 181987
201572 0.00208129 184505
201790 0.00205708 184991
201836 0.00201271 183757
202833 0.00203462 187100
201120 0.00206146 184497
199722 0.00201 183708
200054 0.00203704 182919
199436 0.00203942 182882
201038 0.00212033 185147
200105 0.00205208 184306
199174 0.00201329 181284
200364 0.00206846 183987
201148 0.00201062 184619
201106 0.00205817 183916
200793 0.00201358 182349
200662 0.00211454 182047
201877 0.00206817 186218
198510 0.00200971 181403
200240 0.00201167 184440
199977 0.00204075 184436
201396 0.00207254 184811
202786 0.00203129 185585
200711 0.00201142 184066
201024 0.00211888 183622
201190 0.00206813 184625
200742 0.00204633 183694
199702 0.00204287 183914
199401 0.00204388 184405
213996 0.00216438 198692
214990 0.00216404 197323
212539 0.00218967 196405
213193 0.00223425 196658
214001 0.00219375 197816
215962 0.00218821 200385
214074 0.00215179 196968
214247 0.002152 198658
214606 0.00216221 200353
213758 0.00222133 198753
212512 0.00217233 197253
211662 0.00212383 195760
211876 0.00212063 193990
214639 0.00221479 199150
211370 0.002129 193756
214814 0.00215671 199907
214212 0.00221483 199244
214024 0.00218871 198380
213621 0.00214542 198259
211697 0.00213071 195631
212812 0.00214725 197197
215296 0.00218254 197741
211134 0.00215854 195469
212271 0.00216946 197233
213115 0.00228992 196437
210963 0.00217246 195380
214150 0.00214413 199118
215514 0.00216858 199167
213847 0.00218458 196682
213544 0.00216713 196559
225865 0.00229113 208254
224636 0.00235608 208600
225436 0.00226288 210287
222774 0.00228312 208239
224784 0.00229479 208749
224092 0.00225604 207595
223928 0.002259 207509
224227 0.00233821 208934
222496 0.00225108 206627
221296 0.00223292 206658
225354 0.002256 208879
225868 0.00230192 208194
224627 0.00227942 209475
224364 0.00224854 209725
224038 0.00233979 206727
223710 0.00226958 206983
224620 0.00225104 208192
226293 0.00226996 210201
223350 0.00224171 207743
224556 0.00225771 208854
225835 0.00225346 209220
222934 0.00235875 206198
225418 0.00227196 209107
224736 0.00226817 209379
222811 0.00224554 206914
225285 0.00227083 209943
225827 0.00226679 208715
224633 0.00227721 210888
225074 0.00231121 207955
224114 0.00225667 209568
235882 0.00237042 220409
238179 0.00239913 222411
238430 0.00241675 223083
238300 0.00242717 223180
236363 0.00241479 220348
236876 0.00241163 220627
239910 0.00241279 225268
237462 0.00239688 222368
237350 0.00238338 222951
236507 0.00238092 219457
236316 0.00237392 222941
239000 0.00249371 224178
238299 0.00239625 221656
236061 0.00238129 222077
237767 0.00241379 223523
237680 0.00239146 222279
237311 0.00239704 222006
233780 0.0023985 217312
236065 0.00243892 218703
234926 0.00236983 217401
235117 0.00237092 218897
235620 0.00237471 217559
236391 0.00237454 219080
237351 0.00240092 221601
236800 0.002518 222052
239392 0.00240612 224408
236650 0.00236896 219209
237394 0.00238787 222357
237982 0.0024005 220354
239001 0.00240083 224265
250472 0.00257879 235379
250113 0.00254167 233915
248442 0.00250808 232942
250969 0.00252667 236255
247969 0.00253121 232743
245111 0.00246446 230552
247175 0.00250879 231338
246806 0.00255988 230048
248516 0.00251033 233679
247506 0.00249987 232061
246606 0.00248408 230309
246837 0.00247954 230646
248628 0.002544 232761
246854 0.00257612 232290
248374 0.00249713 232883
247531 0.00248846 233520
250183 0.00250625 234446
250312 0.00253192 234573
247840 0.0025165 232782
245084 0.00253567 230120
248807 0.0024995 234096
248369 0.00248492 230188
249925 0.00250733 234918
248408 0.00249067 232508
247989 0.00251533 232027
245476 0.00255358 229771
246824 0.0024775 231366
246995 0.00248233 230920
249473 0.00250971 236145
247736 0.00248333 232207
257881 0.00257017 238612
258189 0.00268254 238914
259497 0.00260154 242681
257822 0.00259308 239769
257843 0.00260096 241078
260471 0.00261654 244119
258268 0.00259758 242025
258093 0.00266383 242476
257707 0.00257942 239956
257908 0.00258283 240555
255491 0.00258692 238492
256652 0.00260325 238245
256813 0.00257354 237672
255720 0.00264396 238848
257921 0.00257354 239907
255354 0.00256179 238428
258713 0.00258758 243252
257355 0.00257242 236973
257975 0.00258471 241733
257710 0.00267183 238988
257189 0.00256942 238526
257793 0.00258221 241359
257959 0.002602 240558
258317 0.00258575 240252
258122 0.00258312 241518
255435 0.00261508 239522
256198 0.00256917 239080
260540 0.00261108 244989
258542 0.00259621 241857
257925 0.00258688 241991
266373 0.002659 248149
268384 0.00275442 250504
267811 0.00269396 250251
266038 0.00266604 247588
268472 0.0027145 251840
269004 0.00277258 251056
264084 0.00265387 245061
270401 0.00277896 251619
266652 0.00267675 246976
267817 0.00269571 248280
269670 0.00270358 253282
269337 0.00271279 250718
267072 0.00269208 248120
268566 0.0027415 252185
267176 0.00267454 248212
268036 0.00267587 250627
268501 0.00270542 251468
267259 0.00267979 247593
267670 0.00270225 248324
271204 0.00284025 254098
266854 0.0026695 247867
265770 0.00266421 248784
266736 0.00266654 247912
269201 0.00269454 252364
267349 0.00272729 247288
267249 0.00267558 246689
267685 0.00268225 250682
266401 0.00266375 246666
267948 0.00267546 247636
267156 0.00267154 249070
275504 0.00281225 254712
276128 0.00276571 257200
276291 0.00276433 258969
277556 0.00278075 257082
272789 0.00272271 251499
274285 0.00274371 254901
277503 0.00280421 258337
279378 0.00278908 258664
276550 0.00276404 258290
273991 0.00273513 253845
278211 0.00276592 258085
276038 0.002803 257964
279533 0.00282812 264456
274169 0.00274617 255344
277603 0.00278858 259032
275773 0.00276358 256262
273484 0.00274092 253715
273943 0.00281583 254576
273367 0.00273221 252980
277983 0.00279758 256990
275854 0.00276517 255790
277333 0.00277604 257551
274229 0.00275767 255095
278320 0.00284458 260009
277314 0.00276208 258659
276402 0.00275717 256029
277060 0.00277487 258737
273418 0.00272433 252612
275851 0.00280446 255343
276791 0.00278525 257457
287305 0.00285754 264491
287022 0.00287083 268170
286016 0.00286121 265773
283666 0.00283112 262781
283676 0.0029155 263196
285497 0.00285287 266133
285634 0.00284733 263377
284055 0.00283954 263721
285517 0.00283917 262688
285802 0.00287717 266118
285653 0.00287892 264348
285703 0.00283775 264009
285606 0.00283363 262953
284918 0.00284246 265238
285612 0.0028405 263518
285455 0.00291958 262202
283924 0.00283829 264346
282979 0.002828 262479
286569 0.00285712 265015
286676 0.00286308 267318
284955 0.00288383 266386
285346 0.00286167 262413
284715 0.002878 265424
284290 0.00284625 262808
286763 0.00285092 264221
285530 0.00291012 263875
286005 0.00297375 264108
284248 0.00284571 262573
286545 0.00285937 265452
286925 0.00285567 264980
294427 0.00292338 271593
292610 0.00298154 267864
294634 0.00298696 273356
291608 0.002907 266863
290914 0.00289958 268447
292804 0.00291238 269146
292284 0.002933 269952
292794 0.00295029 271340
293647 0.00292312 273949
290711 0.00288917 267574
293742 0.00292296 269029
295140 0.00293471 271564
294748 0.00304496 273434
294602 0.00293017 269933
294363 0.0029195 269944
291947 0.00291813 270382
295393 0.00293588 272487
292907 0.00301587 270496
293415 0.00298304 272030
294460 0.00293771 271608
295791 0.00294342 272887
291253 0.00290787 268725
294724 0.00295408 270520
293465 0.00300388 272283
294094 0.00291288 270425
293344 0.00292142 271663
292932 0.00290754 270328
288495 0.00290975 267218
293677 0.00301775 269127
293070 0.00291783 272525
298417 0.00297075 275177
302404 0.00300467 278366
304375 0.00302338 279251
300535 0.00304854 274617
299774 0.00298 276881
303956 0.00301596 282321
303295 0.00302083 279332
301830 0.00299037 277520
303343 0.00306588 279643
304478 0.00304558 281049
303067 0.003005 276215
304199 0.00302346 280285
303594 0.00301738 280791
303239 0.00304958 277833
302762 0.00308358 279781
302242 0.00299521 279098
303489 0.00301829 277973
299593 0.00297987 273885
300924 0.00299412 276621
301065 0.00308321 275997
303462 0.00301225 279712
300010 0.00299321 276581
302503 0.00303229 278994
301677 0.00299833 278818
299341 0.00307171 274238
300701 0.002991 276929
298808 0.00297896 272977
303230 0.00300529 278984
302454 0.00300208 279791
303735 0.00305979 280569
309063 0.00307425 282795
314126 0.00312875 291012
315412 0.00313421 290444
314342 0.00312133 291636
312601 0.00317196 287201
313747 0.00311562 289040
310935 0.00309063 286510
310404 0.00308837 285261
312229 0.00309604 285522
315463 0.00315613 291788
314037 0.00316067 288332
313174 0.00311292 290759
313801 0.00311046 286124
313510 0.00311408 289799
312734 0.00313013 287650
312936 0.00317183 288301
311530 0.00310308 287529
313445 0.00310954 285180
309644 0.00307979 286272
314392 0.00318887 290921
313848 0.00317417 289417
310380 0.00310279 286287
313743 0.00311871 289852
314744 0.00318246 289867
308639 0.00310592 283351
311490 0.00316671 287460
313603 0.00315704 287224
313725 0.00311896 291345
312526 0.00311425 287641
310786 0.0031175 285326
327219 0.00331667 302150
324868 0.00322833 298333
323888 0.00322362 298550
326835 0.00324808 302918
322991 0.00328617 297517
326706 0.00329308 300409
324787 0.00323271 297682
326227 0.00325713 300793
325747 0.00323612 298686
324936 0.00329242 300111
325275 0.00321563 297275
325960 0.00324 301768
322732 0.00321904 297212
323034 0.00321658 297309
322231 0.00328371 298283
325795 0.00324221 301210
327286 0.00325508 303650
327111 0.00325408 304868
327690 0.00324767 304798
326718 0.00332654 301904
327475 0.00325458 306131
324518 0.00323863 299697
324678 0.00325971 299137
323747 0.00321563 298887
329986 0.00338079 307839
326375 0.00324625 299403
327700 0.00325567 302673
326518 0.003247 300787
324996 0.00324279 299816
324424 0.00333692 298465
336822 0.00335121 309583
340210 0.00339813 314076
336656 0.0033425 309421
336034 0.00339842 308085
338652 0.003406 311323
338398 0.00354721 313129
339848 0.00338029 315286
336330 0.00334275 308215
337327 0.00342079 311076
336501 0.00333558 308582
338376 0.00336317 309190
338414 0.003354 310333
337162 0.00335179 311391
336919 0.00343121 309718
335328 0.00333246 308925
339135 0.00337 312328
338499 0.00335546 310782
337799 0.00339758 312655
336025 0.00336021 308241
336602 0.00336604 309095
337618 0.00335208 307521
337807 0.00337933 311269
337318 0.00344483 310913
338185 0.00335712 309954
338968 0.00336917 312573
336860 0.00334846 311024
338416 0.00336079 312007
337729 0.00343087 310725
338113 0.00334992 311003
336846 0.00334362 307825
348775 0.00352433 321261
347847 0.00348975 320661
347290 0.00348913 319229
348363 0.00345275 318660
346612 0.00344013 317384
346057 0.00343358 318746
347882 0.00354792 317595
347795 0.003474 320171
346002 0.00342083 316443
345880 0.00343267 314441
345274 0.00345437 316188
348365 0.00354542 321731
347250 0.00345663 318794
347506 0.00347904 320144
349587 0.00345208 318330
348165 0.00358896 318228
345616 0.00345629 316267
347238 0.00345217 322274
348285 0.00345979 321241
347707 0.00345462 319889
350265 0.00352075 323147
347312 0.00345425 320811
347816 0.0034515 319701
349230 0.00346946 321564
344350 0.00356021 316191
347051 0.00345025 316123
345826 0.00343504 317560
347105 0.00343625 316492
345662 0.00342988 314915
349311 0.003536 319979
356451 0.00355362 326808
356637 0.00354237 327543
358527 0.00354471 328997
358605 0.00362521 329903
358927 0.00356113 331381
357715 0.00353742 328100
357894 0.00354979 330308
356589 0.00353192 327727
353503 0.00357154 321961
360695 0.00355746 329588
358369 0.00355925 330659
360192 0.00355667 329808
357466 0.00360375 327801
358999 0.0035795 330812
360915 0.00357204 330154
357531 0.00354871 327756
359490 0.00358463 332403
360771 0.00365146 333264
355719 0.00353392 327297
358164 0.00355546 331578
359868 0.00356062 330776
357251 0.00363096 327706
358151 0.00354646 329560
359242 0.00356025 330545
357946 0.00354379 330128
356488 0.00357167 327696
355547 0.00355171 327556
358181 0.00353792 327840
359310 0.00355696 329938
359588 0.00355675 330775
370588 0.00374671 341425
369554 0.0036445 336419
368686 0.00365162 338519
367994 0.00364054 337952
370873 0.00375071 339500
371074 0.00367692 339869
365905 0.00362083 334700
367967 0.00364871 337147
371383 0.00370887 340269
368267 0.0037245 337521
370271 0.00366175 340072
368548 0.00364604 338036
369079 0.00366229 339083
366761 0.00370925 335610
371334 0.00367967 339467
369833 0.00366446 337351
368344 0.00362921 336992
369200 0.0037545 338862
369733 0.00366354 340482
365974 0.00362667 335937
370098 0.00366446 340072
369477 0.00366817 337892
370682 0.00376933 337682
368908 0.00363358 335544
369216 0.00364071 337016
369908 0.00365179 339224
371740 0.00373896 338745
367679 0.00362758 336745
366988 0.00363433 335483
370797 0.00366371 342287
384545 0.00384383 352737
384920 0.00381821 356843
384283 0.00380992 353418
387256 0.00385362 356970
384772 0.00383217 354067
384579 0.00381258 354373
383115 0.00379942 353989
386423 0.00384012 359379
381277 0.00378342 350487
381942 0.00379533 352524
379960 0.0037675 349505
384553 0.00380529 353329
382010 0.00386292 351677
384595 0.00381258 356644
387229 0.00384721 357717
382957 0.00380554 352710
378930 0.00376296 347546
384156 0.00381458 356538
383027 0.00379304 353555
382114 0.00381354 352639
384621 0.003831 354054
384005 0.00381683 353737
382024 0.00378167 352094
384844 0.00381037 354447
384688 0.00380229 354140
386201 0.00382783 357231
384038 0.00381188 353399
384685 0.00380221 353510
384590 0.00381258 353691
382803 0.00379154 353165
400760 0.00395958 369207
394909 0.00391521 363071
398965 0.00395075 367851
395188 0.00392488 364166
395346 0.00391833 364622
394526 0.00393567 364252
394830 0.00390204 364703
398085 0.00394262 368483
395573 0.003907 360464
396689 0.00392913 364784
399136 0.00394746 367293
399358 0.00397725 368230
394406 0.00389508 361780
396698 0.00392104 365550
397993 0.00394058 366005
396295 0.00391863 365009
400033 0.00396329 372304
396275 0.00395354 368046
396141 0.00392721 365773
395596 0.00391142 365524
398491 0.00396375 367565
397685 0.00405225 369471
396112 0.00395717 365737
397037 0.00396483 369455
395808 0.00393133 367733
397911 0.00393608 364369
396301 0.00398304 366303
397623 0.00392054 363891
393051 0.00389404 363084
395376 0.00390683 364081
405589 0.00401725 372831
404930 0.00408688 373638
402397 0.00399154 369281
406726 0.00404662 374505
405285 0.00403042 373612
404807 0.00403525 371281
405618 0.00404408 371464
404824 0.00407783 373295
404989 0.00401213 371642
405029 0.00401317 371605
407825 0.004044 373010
407213 0.00403508 375129
406599 0.00405592 375635
400737 0.00398025 369205
407211 0.00404025 374672
406517 0.00404454 372130
406748 0.00405583 374078
406021 0.004039 374031
406731 0.00403004 373441
408860 0.00406192 376492
408874 0.00407842 378997
406251 0.00404654 374461
402381 0.00399738 370136
403044 0.00401092 371557
405441 0.00402267 376244
405916 0.0040325 373531
403913 0.00401213 369980
408541 0.00406892 378576
404306 0.00399767 367814
403703 0.00400508 371621
415608 0.00413483 383129
416508 0.00410708 382030
418216 0.00413646 384153
415150 0.00410796 381088
414386 0.00411108 382918
414439 0.00412358 380414
413398 0.00410529 380680
414305 0.00409612 379800
416770 0.00411733 382059
414745 0.00411329 381081
416229 0.00410075 379105
419455 0.0041595 387360
412528 0.00407696 381495
417097 0.00413333 385861
417434 0.00412133 383266
415732 0.00410142 380066
414659 0.00410137 379899
418088 0.00413833 384717
416654 0.00413354 385240
416460 0.00415367 383447
416502 0.00412421 379737
416291 0.00412008 383521
417765 0.00411213 382118
418398 0.00414696 381249
412491 0.00408217 379882
414039 0.00409813 381911
417578 0.00413333 385072
416405 0.00411638 382633
417765 0.00413154 384780
412445 0.00409079 378265
428005 0.00422033 390520
428176 0.00424267 394181
428636 0.0042415 394553
427149 0.00422892 391287
426961 0.00426725 393666
428762 0.00423858 393230
425635 0.00421062 390523
426059 0.004217 389395
428191 0.00424775 393413
429369 0.0042465 394871
429558 0.00425775 394838
426338 0.00421321 390732
429304 0.00424467 391540
421997 0.00453367 386342
431359 0.00426171 394993
428221 0.00423029 392717
429141 0.00426421 396207
428751 0.00423775 393709
426423 0.0042435 390710
427591 0.00423037 395128
429503 0.0042445 391863
430942 0.00426767 396366
426690 0.00422083 389895
427503 0.00423704 392876
425171 0.00420296 390153
426267 0.00422367 393378
426415 0.00422125 390489
427180 0.00423037 393215
427263 0.00422483 388887
426470 0.00421942 387702
435816 0.00431204 399059
437610 0.004311 399559
438480 0.0043855 402507
440313 0.00436242 403873
438771 0.00434638 403665
436367 0.00431571 401550
439283 0.00433462 398603
437203 0.00431204 399317
436943 0.00434775 399041
436745 0.00434188 399885
437225 0.00432054 401699
433913 0.00430421 398880
433778 0.00428429 394951
437490 0.00447567 402388
436458 0.00432888 399931
438941 0.00435279 402202
436311 0.00434546 400802
434410 0.00433488 398838
435754 0.0043075 400175
441491 0.00436408 407533
440814 0.00436613 406531
436423 0.00436346 401592
433415 0.00433421 395177
436934 0.00431175 397861
437221 0.00434013 401077
437567 0.00432754 400053
438449 0.0043485 402951
443389 0.00439113 410088
434969 0.00430925 398283
438454 0.00434271 401907
439736 0.00437238 403870
444298 0.00438596 403885
445104 0.00444313 407468
443173 0.00438433 405915
446748 0.00440987 410729
445137 0.00439892 410522
447747 0.00441458 407844
445531 0.00440883 406545
445815 0.00442133 408858
448131 0.00442821 408512
444791 0.00440858 406673
444441 0.00439813 406977
442553 0.00439417 407103
444287 0.00437471 406790
443429 0.00441067 405492
445645 0.00440438 406745
447730 0.00442817 410223
442873 0.00436496 401598
449088 0.0044425 412320
447616 0.00442342 408659
445590 0.00440379 407078
445865 0.00439796 404970
444146 0.00442812 409162
445938 0.00439437 406190
444923 0.00441779 409749
446903 0.00440625 406546
444954 0.00442492 407078
444826 0.00443158 407853
439668 0.00435162 400002
445301 0.00441008 406713
456478 0.00453804 417720
458546 0.00452525 418158
459715 0.00454304 422301
456316 0.0045115 418511
458130 0.00452729 420221
454752 0.00448642 413385
462729 0.00458808 425018
453411 0.00449508 414548
452211 0.00447912 414300
460127 0.00457533 422692
462405 0.00457346 426990
460107 0.00459637 422898
460210 0.00455042 419041
458194 0.00453513 419355
459127 0.00454488 422380
458454 0.00453425 418887
455867 0.00451113 418128
460219 0.00454396 421130
459922 0.00454492 418370
458025 0.00452671 419829
460864 0.00454862 421538
459048 0.00455208 422602
461649 0.00455529 422541
459299 0.00453067 417488
458115 0.00454729 414090
456242 0.00451267 414753
457120 0.00453333 418695
458339 0.00454108 420508
456299 0.00453121 419466
459945 0.00457883 424010
468875 0.00468392 427471
470690 0.00467654 431211
472417 0.00467796 430111
474610 0.00470192 433852
472526 0.00468058 430478
473355 0.004694 433437
470946 0.00470438 431897
471377 0.00471854 432392
473184 0.00468396 429134
470973 0.00467204 428896
471220 0.00466825 431260
470089 0.00466487 429168
471070 0.00467079 432190
470814 0.00467712 428987
470410 0.00465575 431639
472157 0.0046875 433531
470065 0.00465479 429989
467126 0.00467217 423488
468916 0.00463654 428652
470602 0.00466288 433090
472159 0.00470758 430018
466856 0.00462925 426818
471061 0.00466517 433008
471864 0.00470479 431413
471941 0.00465046 427869
469255 0.00469975 429229
472423 0.00478342 433246
473281 0.00477221 433947
469302 0.00466971 429682
472675 0.00469092 432337
483907 0.00482925 439814
483924 0.00480804 445644
482249 0.00479871 442855
478561 0.00478404 439128
479648 0.00477125 438153
484913 0.00486117 449985
482849 0.00477846 440374
483001 0.00480642 444992
484688 0.00481467 445708
476878 0.00475296 437922
484290 0.00487667 445293
482800 0.00478863 439941
480378 0.00477162 438859
484355 0.00481796 445228
481438 0.00477821 440549
487346 0.00484104 447620
481706 0.00481067 442957
481373 0.00477363 436923
482546 0.00479813 442609
483972 0.00481454 446068
483284 0.00480262 445031
481703 0.00479208 442404
483379 0.00479912 444252
482738 0.00478854 442095
481030 0.00477821 441124
483296 0.00478942 444327
484214 0.0047975 444284
485979 0.00482829 447444
483424 0.00479425 441824
482526 0.00478567 442624
490637 0.00486908 446879
491321 0.00487033 451192
488660 0.00484925 449852
495274 0.00492762 455358
496385 0.0049255 456111
493113 0.00496383 452716
490240 0.00487417 449636
492927 0.00488558 450860
493059 0.00488321 452994
486617 0.00485196 444995
494829 0.00490954 453369
491489 0.00489425 447168
491020 0.00485983 449242
491854 0.00487542 448722
487952 0.00483137 443811
489638 0.00486229 446907
488892 0.00487812 445402
493432 0.00490992 451722
492153 0.00486696 453410
496044 0.00491987 455466
491555 0.0048615 447881
489998 0.00485179 446392
496891 0.00491225 456470
492342 0.00490208 452731
493860 0.00488317 454685
489132 0.004849 449967
489232 0.00483833 445945
493621 0.00488233 450577
490852 0.00486308 449942
494485 0.00490913 455909
502826 0.00497821 457788
500609 0.00494862 457260
499242 0.00494738 458231
504165 0.00498454 464820
503887 0.00498638 464074
500514 0.00495825 457584
500140 0.00502858 460065
500287 0.00530088 459426
505552 0.00501625 464259
502296 0.00498188 460732
499778 0.00496912 460312
502935 0.00499092 463180
507419 0.00504092 466319
499968 0.00496767 456897
503155 0.00498662 463050
507350 0.00502458 461805
504300 0.00499854 461513
504737 0.00501404 463878
498302 0.00497704 453585
508631 0.00506421 468665
508464 0.00504075 470280
501898 0.00498579 458311
502871 0.00498121 459111
506243 0.00502208 465052
504727 0.0050425 462308
507429 0.00501808 463930
500383 0.00495596 458666
505081 0.00498788 461034
503464 0.00500067 463796
505722 0.00500896 466219
515262 0.005131 471745
519722 0.00532754 475951
519008 0.00514396 472346
515856 0.00512171 471816
513625 0.00507262 467488
515063 0.00513483 468425
515855 0.00508892 473042
518200 0.00511654 474683
516850 0.00511283 474202
511617 0.00506371 468262
510457 0.00504392 468339
518296 0.00513158 472760
516137 0.00512313 471328
517822 0.00513304 476840
515391 0.00510271 470147
514476 0.00514429 471493
518747 0.00513525 477103
514107 0.00509367 469441
518240 0.00512933 477550
512254 0.00508533 469360
516485 0.00510325 470492
513568 0.00508737 467681
516377 0.00510821 472559
512894 0.00508667 468226
512034 0.00508688 468158
517314 0.00514096 475609
517981 0.00510733 469136
514657 0.00510829 469647
515594 0.00510604 473168
512209 0.00509667 469182
522321 0.00518787 477452
528196 0.00520887 481137
526811 0.00519946 481417
526102 0.00518967 479787
526875 0.00520238 484318
526339 0.00519054 479646
524895 0.00521358 480998
528038 0.00520288 478593
529148 0.00523575 488501
523190 0.00518692 479136
520910 0.00515304 477665
523932 0.00517729 479215
524803 0.00518242 479973
524604 0.005189 482304
527487 0.00521279 485077
526397 0.00519454 480183
524991 0.00522321 478625
529040 0.0052225 485663
524562 0.00520175 482614
530405 0.00527921 488241
526586 0.00522388 484745
522730 0.00518012 477370
522892 0.00518625 478627
523913 0.00517796 479153
524416 0.00518404 477404
525427 0.0051865 479060
525383 0.00518846 480449
527162 0.00523008 480263
530733 0.00523525 487487
524768 0.00523533 480260
532832 0.00526908 485713
536074 0.00532075 491932
532280 0.00524217 483452
537444 0.00531542 492137
538105 0.00532183 490891
536221 0.00533187 492527
539132 0.005342 496618
533577 0.00528796 489352
531978 0.00528129 485853
539608 0.00532092 490169
536344 0.00530912 490097
534460 0.00530713 490506
536296 0.00530358 492225
531138 0.00526517 485257
539983 0.00533883 495357
532988 0.00527929 486676
534438 0.00527158 484856
535168 0.00530687 491526
533462 0.00525588 486140
536339 0.00530921 488972
538010 0.00530613 489087
532404 0.00527488 486584
536932 0.00535154 493215
534411 0.00531504 485058
537104 0.00531083 490757
532968 0.00526937 486737
530464 0.00525954 483458
533986 0.005293 487530
535785 0.00528346 486731
537760 0.00530912 491705
541967 0.00534842 493370
541939 0.00545404 494138
542492 0.0054005 493486
541377 0.00540671 492347
540765 0.00536417 491667
546060 0.00547383 499622
545616 0.00539675 495627
540570 0.00535133 488811
543996 0.00537871 497154
539125 0.00530858 485818
544614 0.00538763 493155
544474 0.00541521 490872
544063 0.00538637 495982
542000 0.00536329 495381
544740 0.00545425 495568
537814 0.00534621 490620
541311 0.00536683 492551
541311 0.00535012 492984
541534 0.00534842 490173
540630 0.00535008 490954
541288 0.00535588 491513
540684 0.00536483 493475
542310 0.00535792 490995
540043 0.00534958 490372
545962 0.00540833 499107
538217 0.00532925 489469
542326 0.00538912 492267
541346 0.00535012 491671
543460 0.00538454 494542
543757 0.00536529 491536
553093 0.00548804 498970
552883 0.00544967 498974
555920 0.005505 510196
555190 0.00548367 503335
554667 0.00548833 502006
556115 0.005498 503781
550141 0.00543729 499987
555855 0.00549604 503115
553882 0.00548029 504066
555084 0.00549937 507652
549917 0.00544921 500982
550711 0.00545337 500070
549775 0.00544921 501292
552813 0.00547554 499300
556808 0.00549583 503092
554623 0.00549204 505162
554398 0.00548196 502016
550637 0.00542858 496667
555352 0.00550079 501380
552679 0.00548696 502365
549410 0.00541862 497729
557026 0.00553004 508452
556699 0.00550233 508226
556580 0.00549754 503794
550115 0.0054315 502140
553376 0.00546908 500100
555032 0.00547767 503992
552105 0.00546904 504314
550490 0.00544433 499235
551413 0.00545704 497941
562549 0.00558254 509468
564730 0.00558275 512303
557903 0.00554767 507195
566376 0.00559121 518073
559794 0.00554537 510055
559658 0.00554154 507194
566808 0.00587375 518146
564758 0.005581 517721
563848 0.00557908 514019
559858 0.00553079 505860
562119 0.00555433 512228
564806 0.00560762 516123
564899 0.00557633 510975
564089 0.00556871 512610
562123 0.00557808 511517
562439 0.00560371 513580
563934 0.00558796 512783
562832 0.00557246 509516
565371 0.00559171 517048
562151 0.00559196 512780
563169 0.00557071 515220
563491 0.00558463 511433
563397 0.00564579 511547
564875 0.00559371 514808
563123 0.00560854 515351
568416 0.00561612 512555
563066 0.00557692 511972
562455 0.00556888 507960
561615 0.00568371 510408
565897 0.00559592 512267
575155 0.00568108 520113
575582 0.00574246 527375
570912 0.00563592 518428
572384 0.00565138 520006
574039 0.00566617 518488
574896 0.00565471 520642
575362 0.00566142 523679
575156 0.00570863 521610
575730 0.00568237 519454
572066 0.00571792 518000
576451 0.00569017 526689
577762 0.0056965 523239
574708 0.00568842 518581
571324 0.00565196 519340
575474 0.00571038 524184
574285 0.00567988 521558
570352 0.00564175 515421
568251 0.00560933 512689
575928 0.00566892 522368
577094 0.00572521 523768
570474 0.00564333 515168
573106 0.00566912 519349
575376 0.00568037 521426
574406 0.00568104 521680
576540 0.00570046 519718
577248 0.00568 523473
576505 0.00566192 516492
573213 0.00566292 522751
571458 0.00564212 520619
573460 0.0056965 520475
582843 0.00574979 525951
584692 0.00577487 530881
576925 0.005724 521578
584032 0.00576737 533674
579843 0.00573092 526056
581118 0.00575746 527929
581248 0.00572433 523073
584504 0.0057675 532168
586944 0.00577788 532823
585487 0.00575329 530817
580168 0.00573787 527034
581629 0.005751 528698
585659 0.00577108 525362
584682 0.00577433 528536
576624 0.00567479 520978
580306 0.00570775 520676
579224 0.00575308 528941
584246 0.00576004 530918
582624 0.00571667 522332
584021 0.00577017 530625
583301 0.00575383 528470
579545 0.00572558 525019
583047 0.00574688 530792
576273 0.005699 520595
580715 0.00573488 525137
583291 0.00577008 528482
580805 0.00575825 521700
579194 0.00572321 523887
584669 0.00576275 526545
580204 0.00571146 523712
596632 0.00588725 537594
598253 0.00589413 538698
594596 0.00589171 539604
592420 0.00587975 536440
594637 0.00586392 537343
593447 0.00586433 534865
595638 0.00587938 539679
593862 0.00588433 533464
590960 0.00584233 529480
593915 0.00587212 537739
593766 0.00585854 533443
596277 0.00588533 540204
587517 0.005776 526307
593266 0.0058605 533750
594839 0.00586063 533352
594812 0.00587633 540392
596037 0.00589079 538709
597827 0.00593192 542996
595570 0.00586942 538031
592349 0.00599108 537949
594916 0.00587371 538074
592972 0.00586258 535948
595476 0.00587071 541332
589772 0.0058715 531876
595421 0.00586583 538748
593622 0.00585454 534777
590810 0.00584096 533136
584443 0.005771 527295
592251 0.00587263 536993
585190 0.00576896 526830
606052 0.00602479 548855
611047 0.00606729 547603
609412 0.00600733 553396
606008 0.00597796 544914
604337 0.00597004 544145
606867 0.00598483 546196
609296 0.00599546 543339
606515 0.00598517 548549
604726 0.00596829 543289
612140 0.00605017 555667
606358 0.00595433 544329
610217 0.00600188 549521
610656 0.00598392 549743
605097 0.00597054 548144
607612 0.00598525 548600
606408 0.00597783 550183
600753 0.00592204 542220
605746 0.00596667 547072
604994 0.00598404 548743
612413 0.00603388 554120
607181 0.00598058 548458
603971 0.00594717 543873
611874 0.00605883 551030
610816 0.00600725 549862
603516 0.00594871 541369
609595 0.00599242 550869
610189 0.00600742 552542
606833 0.00600233 547972
606791 0.00596617 547421
600620 0.00599633 541017
617584 0.00608037 558587
620954 0.00609188 558622
614338 0.00609662 550081
621030 0.00626713 565955
623533 0.00624237 565976
620090 0.00633608 560018
619972 0.00623783 560525
624120 0.00623279 563070
624341 0.00634892 568091
620684 0.00620225 560813
622500 0.00627746 562168
618492 0.00612429 555295
616656 0.00614404 556586
621426 0.00614221 560264
623495 0.00627179 564816
621834 0.00620746 563451
622661 0.00624733 563883
618989 0.00621054 558924
619465 0.00633525 562985
620393 0.00633079 565841
617020 0.006225 560239
620859 0.006207 559095
619400 0.00624833 555586
625076 0.00634746 569063
621053 0.00620004 557945
618664 0.00625108 557508
620560 0.00626142 560048
618587 0.0061765 557698
625144 0.00643421 566164
617460 0.00619763 560259
632397 0.00644179 570646
635827 0.006404 573074
636039 0.00633933 578481
636264 0.00637808 572995
634571 0.00633575 566149
631970 0.00645358 566046
627616 0.00631579 564197
629670 0.0064145 563342
633055 0.00654675 567333
636556 0.00633813 576270
633707 0.0064025 573384
635629 0.00639242 578261
629687 0.00627467 568948
628942 0.00640321 568882
634545 0.00633258 569834
634265 0.0063875 574546
635950 0.00636371 573385
632458 0.00632658 566365
632131 0.00639425 572565
626690 0.00620521 562365
625312 0.00618921 561291
629624 0.00622479 564773
634970 0.00625392 572816
628800 0.00620692 563667
636539 0.00627533 575732
629015 0.00627179 566840
631141 0.00620238 567773
630225 0.00619733 569576
630600 0.00621717 567509
630975 0.00622071 568954
644508 0.00636246 580302
642752 0.00632596 579240
646589 0.00634446 582977
642382 0.00631112 576487
645049 0.00632708 579486
641913 0.00631129 578695
646651 0.00634629 580633
641540 0.00634312 578886
642500 0.00631717 580260
647028 0.00634729 575066
641378 0.00630629 582662
649145 0.00637663 584007
647548 0.00636508 581945
643640 0.00634246 584979
646744 0.00635417 583316
640644 0.00632037 578675
645086 0.00635367 583852
645217 0.00635971 580777
641313 0.00629554 575359
644273 0.00634562 582207
639969 0.00628792 573203
640525 0.00628767 574427
641771 0.006317 577877
647272 0.00636208 585265
642969 0.00635012 581936
637773 0.00627417 576604
645391 0.00633442 583122
641442 0.00634212 576641
645598 0.006336 579943
645573 0.00637933 581518
660433 0.00649942 599371
656102 0.006456 593064
650518 0.00659325 589040
655848 0.00654254 591076
655777 0.00644842 593604
650589 0.00643563 587884
656933 0.00654979 593903
657717 0.00656221 594838
661055 0.00650454 596994
661672 0.00660504 595041
652470 0.00653292 589422
661167 0.00653725 599548
660059 0.00667346 594117
656064 0.00645696 588631
656945 0.00653308 589737
656478 0.00659696 596686
650341 0.00647642 583852
656524 0.00648608 593264
658775 0.00645704 590836
657485 0.00647404 590029
658533 0.00647038 592949
659341 0.00651704 597898
659036 0.00666725 595445
661489 0.0066445 601645
654638 0.00649487 587266
657420 0.00649092 595680
659049 0.00647475 593178
658705 0.00650962 594788
655506 0.00644304 590543
656357 0.00646683 593794
670017 0.00664479 605565
669868 0.00660038 604718
670637 0.0066995 607698
669038 0.00662525 600115
662938 0.00657967 596244
668507 0.00663329 604342
662997 0.00665158 597246
668741 0.00658179 600621
672766 0.00668629 610981
665544 0.00663379 598328
668000 0.00661008 604251
667596 0.00669575 599341
663775 0.00662142 597330
670833 0.00668904 606067
669952 0.00664492 599545
666971 0.00667075 603035
663877 0.00666175 597708
669476 0.00667875 598469
669895 0.00671175 604554
668125 0.00669208 603966
669374 0.00669575 603432
667174 0.00672158 600593
670555 0.00670971 606136
663355 0.00669808 596013
669911 0.00667704 598270
667163 0.00674954 601084
673191 0.00807087 608171
667951 0.0089655 607748
667625 0.00766438 603413
671715 0.00936104 609165
676557 0.00684458 610408
686490 0.00696433 619753
685558 0.00687392 620833
685566 0.00683342 618644
683875 0.00698158 613338
683723 0.00685433 617942
683752 0.00695887 617196
681269 0.00676338 612531
675731 0.00691108 610204
686321 0.00687562 626652
691540 0.00694846 625414
682434 0.00690467 616982
671903 0.00672292 607755
682337 0.0069425 620551
686723 0.00704342 623405
677274 0.00691817 609414
691388 0.00690458 625401
682888 0.00687058 615118
684297 0.00686029 617707
676333 0.00675363 614248
685049 0.00696988 620474
682629 0.00680238 617019
680064 0.00686346 614077
683546 0.00680617 621282
684996 0.00690392 617986
681021 0.00682812 615552
683153 0.00681533 620950
687999 0.00695225 625478
682324 0.00681658 613803
684057 0.00688867 619363
699905 0.00699979 628143
686173 0.00697479 617329
692815 0.00695413 625205
693323 0.00690992 627944
687583 0.00687058 619673
691544 0.00689267 622741
696959 0.00699175 632203
695194 0.00694617 625298
695920 0.00694025 629886
691341 0.00685996 619625
697755 0.00703542 631898
696246 0.00695271 626388
693309 0.00692146 621242
691994 0.00791954 625755
691317 0.00724337 626061
694253 0.00701333 627401
692915 0.00686704 630511
690113 0.00693325 619931
694786 0.006905 624177
690340 0.00690417 624729
696077 0.00685254 629412
694195 0.00690038 624795
693207 0.00686125 626928
700061 0.00687029 632194
694376 0.00692846 631087
694868 0.00684058 627652
698362 0.00690563 633210
695096 0.00682508 628363
696132 0.00687271 630053
690828 0.00680513 621337
707568 0.00697433 636194
707426 0.00701046 636429
706399 0.00693942 639411
704818 0.00698042 638926
704686 0.00692738 636678
706802 0.00700196 641892
701992 0.00688542 629685
710153 0.00694725 640243
702180 0.00694658 632521
709428 0.00695179 640463
704293 0.00699096 637756
702469 0.00688087 629375
708499 0.00701983 639002
704865 0.00691112 634729
705158 0.00691271 636390
706980 0.00700058 639478
706605 0.00695321 637555
706130 0.00699879 638755
705519 0.00693354 637667
707028 0.00702025 639562
703843 0.00690367 635177
696717 0.00688362 628193
702702 0.00688625 635363
705780 0.00692796 640455
702749 0.00697325 632821
705722 0.00694425 635256
711029 0.00706979 642986
701998 0.00688858 630900
702417 0.006999 637063
700003 0.00689708 630710
717418 0.00712129 648363
715872 0.00707592 650925
718797 0.007043 647247
708875 0.00701333 636245
711503 0.00698533 642482
717144 0.00711525 651727
717631 0.00705183 648197
717374 0.00713346 646487
717593 0.0070415 647903
713859 0.00707258 643189
717192 0.00717279 648949
717611 0.00703087 644616
711197 0.00706588 640701
717546 0.00704154 643635
715762 0.00708733 641170
719565 0.007087 652739
719626 0.00710929 645996
716722 0.00703642 643738
716965 0.00707671 646282
707897 0.00698137 639694
718394 0.00702192 640614
717480 0.00712338 648949
718407 0.00704729 648683
716793 0.00715546 646229
719852 0.00707892 655850
714469 0.0071195 646629
714932 0.00701879 642888
712577 0.00707525 642517
719599 0.00706438 650808
719262 0.00707658 647956
724371 0.00716129 653513
730028 0.00716342 654598
737143 0.00723608 665402
727254 0.00715342 659141
729336 0.00720033 656447
730327 0.00717946 660022
731953 0.00717258 660183
726312 0.00711708 651560
730320 0.00719054 658648
729508 0.00715458 656759
731649 0.00717833 664271
728766 0.00714354 658562
732460 0.0071845 661214
729073 0.00714496 654167
729114 0.0071615 658601
734874 0.00723146 667469
731924 0.00720392 663729
723606 0.00710046 656502
729690 0.00716479 661547
730751 0.00714038 656628
733291 0.00719346 663024
732907 0.00718371 665405
730355 0.00716646 664077
730887 0.00725292 665958
729893 0.00715167 660886
729574 0.00714867 658722
724344 0.00709771 652240
736849 0.00720267 669315
727013 0.00714571 658678
726293 0.00715292 658105
749048 0.00773738 678729
742693 0.00732788 670755
742057 0.00728254 671052
738625 0.00725537 668799
742738 0.00730133 678394
743220 0.00729008 671660
746568 0.00734954 675682
743475 0.00730587 670328
743410 0.00730329 674719
752921 0.00739608 682587
749402 0.00737892 683466
738836 0.00726363 664816
747089 0.00733617 678857
741849 0.00733308 671265
744784 0.00731404 670935
747527 0.00737488 675280
742788 0.0074685 670123
747723 0.00735125 675483
741859 0.00738004 668013
740351 0.00728579 671157
745626 0.00735537 675809
736488 0.00727425 663514
744259 0.007341 673316
743930 0.00730875 672978
736024 0.00723112 661059
742793 0.00740129 673346
741008 0.00727962 666406
747697 0.00734479 674848
741051 0.00727046 667097
742916 0.007306 671933
757678 0.00746504 683372
759549 0.00747863 687609
758847 0.00746138 681147
758483 0.00745808 686674
754673 0.00742304 682498
757038 0.00749837 686202
758586 0.0074505 684774
756473 0.00746471 686376
756010 0.00743421 683963
757200 0.007453 683293
755998 0.00743533 682823
753340 0.00740663 677047
760006 0.0074715 691538
756322 0.00747783 683982
754233 0.00743775 683049
753892 0.00742821 682474
757812 0.00746846 685481
750751 0.00741896 681329
762551 0.00748646 686356
755991 0.00743321 683555
756798 0.0074745 687689
755825 0.00743567 681942
752311 0.007434 680694
758041 0.00745912 687617
750365 0.00740025 679514
754141 0.00741575 683313
759296 0.00749296 690888
753316 0.00742075 685292
757336 0.00745971 687501
752770 0.00741787 683285
767755 0.00759208 697958
771736 0.00761467 701837
772169 0.00760433 701432
776544 0.00763029 708838
776335 0.00764662 709194
771429 0.00756075 699227
771061 0.00757167 703057
768774 0.00755792 701381
775563 0.00765117 713498
767453 0.00753987 693636
769482 0.00759263 697174
775047 0.00761829 706417
772176 0.00760229 703638
777345 0.00764988 714389
775228 0.00761975 706604
775882 0.00767404 709903
774676 0.0076725 707680
779357 0.00771604 713926
778138 0.00766271 711413
776773 0.00775221 707504
776534 0.0077595 705919
779885 0.00769271 715581
776865 0.00771208 704567
774376 0.00762929 707736
776115 0.0076745 709481
777362 0.00766842 708837
773715 0.00764121 706245
771037 0.00764821 702608
771718 0.00770592 704052
773126 0.00763667 696339
791023 0.00780792 727950
779268 0.00834713 712817
792154 0.00852958 726229
785746 0.008469 710612
788227 0.00779183 719872
789467 0.00777942 719433
787163 0.00775292 716428
786919 0.00775937 713886
792952 0.00779125 720028
787057 0.00779271 717867
788747 0.00777429 720633
791978 0.00779725 719033
793722 0.00780871 722285
781448 0.00768871 709423
788948 0.00779 718751
787655 0.00774887 720855
790848 0.00778875 722941
788857 0.00776796 723491
788978 0.00778138 722621
784423 0.00775608 721841
790191 0.00775742 713098
786475 0.00774108 715283
795301 0.00784229 723043
787525 0.00779433 718879
789013 0.0078035 721447
792727 0.00781729 727651
782465 0.00772137 715516
792582 0.00782775 722109
789888 0.0078255 721066
793945 0.00781983 725280
803470 0.00792904 732290
802260 0.00790904 731986
807642 0.00793617 733531
805059 0.00793733 739231
802013 0.00788933 733231
808678 0.00799996 739597
804369 0.00810542 733008
804994 0.00803417 735945
803256 0.00789342 733436
808571 0.00794546 739505
802426 0.00789792 732633
799796 0.00787738 733866
802482 0.00794079 735390
795439 0.00783821 723751
808286 0.00794446 741253
804057 0.00791462 737708
806380 0.00793083 733314
804654 0.00790921 733535
798217 0.00786533 729915
806222 0.00798458 738338
802669 0.00801446 735202
805926 0.0079785 732850
801650 0.00790575 736737
800052 0.00794504 735747
797105 0.00786329 725143
798196 0.00788517 732367
795442 0.00784862 724665
802907 0.00790696 736183
804867 0.00794183 738739
803912 0.0079805 732272
814653 0.00806254 748913
808846 0.00801038 737686
817152 0.00802963 742222
814037 0.00802492 741060
817865 0.00804388 746879
816667 0.00804729 748638
808899 0.00799596 737965
816059 0.00804408 752408
818061 0.00803992 747203
810371 0.00798321 738299
813337 0.00802463 744008
811444 0.00799746 737861
812241 0.00801254 745800
820802 0.00809413 753308
804709 0.00797825 736621
809423 0.00798396 740293
817583 0.00805079 745876
814332 0.00802921 740090
811687 0.00799383 739222
817010 0.00804217 746473
816721 0.00803917 746290
811059 0.00798425 741353
809546 0.00797629 739350
809205 0.007967 740691
816640 0.00804079 745263
821413 0.00807283 748277
820213 0.00805375 751973
816569 0.00806125 747706
821541 0.00809221 756322
814200 0.00805804 735570
825897 0.00814192 755972
826184 0.00813662 753453
827517 0.00816742 758762
823158 0.00812075 750868
823844 0.00811771 750904
826422 0.00813883 755577
821126 0.00810971 746708
821046 0.00812642 748852
815845 0.00805433 742595
831201 0.00820442 758508
828117 0.00818392 756236
830192 0.00818392 761562
828197 0.00816488 754372
828366 0.00817504 760267
828266 0.00816892 759785
830500 0.00820538 757667
826087 0.00813071 752682
833152 0.0082095 763218
828327 0.00816567 757359
829601 0.00823617 765120
832415 0.00839167 763040
832332 0.00822188 765779
828049 0.00824375 757453
821023 0.008094 754281
830379 0.00818054 759915
825676 0.00817071 753821
828752 0.00825483 755836
825394 0.00818271 752235
819641 0.00819113 750016
824662 0.00813104 751909
838317 0.00834625 765571
842694 0.00831342 769687
844058 0.00833188 772792
842151 0.00828183 766767
843584 0.00833104 773947
836728 0.00827233 766355
837412 0.00826004 770587
843572 0.00830271 767684
836865 0.00823667 763699
845960 0.00832675 772283
842074 0.00829846 768390
844169 0.00843496 772952
840519 0.008455 768319
842549 0.00853458 770679
834489 0.00830479 763582
839728 0.00845746 764517
844151 0.00837492 771078
844106 0.00847408 768840
842723 0.00837021 769310
841186 0.00833338 771886
835063 0.00829167 766048
835225 0.00824504 760542
840228 0.00831421 763657
843283 0.00835629 767710
841152 0.00835804 772715
839994 0.00829442 770257
843250 0.00831754 775233
843470 0.00831496 775340
841925 0.00831613 772617
839064 0.00828204 770136
855167 0.00844646 783652
852799 0.00839446 780425
857974 0.00845125 789973
847969 0.00848804 776146
860464 0.00850408 796029
857615 0.00875004 792510
861756 0.00848558 791541
861998 0.00850133 792061
859678 0.00846079 793014
856111 0.00846142 786301
849840 0.00855429 782549
853909 0.00859108 782893
859819 0.00856083 789850
855827 0.0084955 781754
859249 0.00852621 788652
860577 0.00856837 797672
853263 0.008585 782295
855781 0.00867729 787020
858899 0.00852446 788697
863886 0.00855225 798556
859712 0.00846363 788640
857759 0.00844558 783895
853761 0.00845054 782332
857466 0.0084675 786443
858693 0.00846013 784731
852507 0.00855096 782711
858763 0.00862554 788909
857128 0.00851812 792833
855204 0.00852596 786896
857768 0.00863654 787684
872913 0.00863513 804922
866874 0.00862033 794976
871377 0.00883792 801473
876392 0.00870408 808173
874114 0.00879062 800863
874570 0.00861137 807776
869218 0.008578 801559
875895 0.00862996 801858
872378 0.00864087 803620
871351 0.00860337 800779
870396 0.00860033 800886
876456 0.00864808 808586
868003 0.00857938 795345
870768 0.008618 801479
869324 0.00857933 800799
875210 0.00866454 803484
865539 0.00855896 795250
870686 0.00861146 800730
864858 0.00853329 789181
872946 0.00861804 796752
867192 0.00874225 798580
872155 0.00864746 798583
874825 0.0087865 807423
874352 0.00874175 804599
875001 0.00953508 811902
868062 0.00926225 795908
870976 0.00873837 801900
868092 0.00866212 797247
872081 0.00861642 805235
874003 0.00872075 800798
882292 0.00868904 812787
886540 0.0088315 820860
880161 0.00866858 809908
881523 0.00868092 803135
880393 0.00879412 804222
884646 0.00874171 813656
886011 0.00878362 815652
883792 0.0087445 815724
878644 0.00872821 809397
877961 0.00865946 806211
885184 0.00877892 812000
877254 0.008693 808210
879005 0.00897729 811222
879354 0.00876571 806821
878126 0.0086685 807664
884524 0.00879308 812161
884105 0.00870767 810319
881435 0.00878233 813577
873793 0.00878046 803363
883028 0.0088875 812912
885051 0.00886125 811706
878944 0.00871633 806444
882133 0.00876792 809486
886022 0.00873483 817030
885918 0.00883283 819176
883884 0.00871087 813936
885329 0.00876092 811757
881574 0.00875037 810199
881861 0.00871204 807128
880065 0.00872492 807487
905731 0.008945 841026
897786 0.00893538 828451
900246 0.00886421 825623
898062 0.00893325 825307
891269 0.00881592 819152
891685 0.00879442 819196
892315 0.00884737 820944
893218 0.00892967 821564
888220 0.00896296 815457
901146 0.009058 829236
891250 0.00899471 829641
893541 0.00888146 819584
893384 0.00880583 824898
893179 0.00891742 825238
892538 0.00878442 817947
902449 0.00899442 830890
890531 0.00879979 818497
891916 0.00887012 821543
899182 0.00896512 825120
897734 0.00883146 820649
898280 0.00888983 825001
898206 0.00896346 828514
898987 0.00919325 828315
894726 0.008892 825295
892719 0.00887425 823672
893543 0.00880921 817497
898946 0.00898442 827129
898360 0.00887171 830234
888432 0.00876283 816472
895890 0.00883604 824503
905350 0.00908367 829769
915534 0.00922967 844378
910402 0.00918129 839175
907925 0.00911588 831850
904543 0.00907337 834232
905196 0.00891421 826929
907490 0.00899996 836677
908615 0.00897229 838566
904797 0.008925 833145
907757 0.00894267 838820
905910 0.00890617 831584
909486 0.00893883 835471
913110 0.00902704 839426
911317 0.00908033 842249
905030 0.00891383 834743
902780 0.00888821 834229
911380 0.00898542 843762
910710 0.00897079 835420
902561 0.00890417 831310
902345 0.00894375 829883
909016 0.00911754 831864
904053 0.00921979 832958
908221 0.009022 836264
907966 0.00893221 835986
910610 0.00895537 836731
908714 0.00896321 836916
913284 0.00896775 838451
914166 0.00905133 839642
918069 0.00905392 850697
909178 0.00893075 833186
921970 0.00903692 842569
920927 0.00924854 849070
918937 0.00914617 843604
920726 0.00911675 840792
914590 0.00913917 839445
919968 0.00922167 843572
915831 0.00910721 840383
918860 0.00908775 846519
916343 0.00902858 842506
924363 0.00913025 851590
922415 0.0090665 847368
919649 0.00912133 836299
920961 0.00907271 847350
912421 0.00899246 837528
922611 0.00918246 853888
924429 0.00922946 851078
922682 0.00917633 843069
918247 0.00921321 841985
920143 0.00914129 846325
916061 0.00905321 838877
915701 0.00903467 842877
916858 0.00901912 844083
920767 0.00906921 844066
923595 0.00906937 849088
920054 0.00902046 842568
918918 0.00922283 844567
923409 0.00910483 845837
921595 0.00913479 853960
914771 0.00915021 837626
922011 0.00927671 842351
934619 0.009191 858677
919716 0.00919662 841717
933117 0.00940587 857592
928694 0.00933979 856674
931065 0.00940987 856997
932051 0.00937054 853842
930860 0.00927646 856940
933313 0.00920967 855378
920447 0.00903404 840427
924678 0.00914071 850493
921824 0.00908433 841332
923270 0.00911379 846676
925761 0.00912988 849625
925952 0.00911154 847251
929842 0.00915717 855712
926804 0.00912133 847952
929159 0.0091355 858151
925672 0.00909017 847988
931485 0.00926279 852788
927721 0.00932437 852360
931506 0.00933413 851259
927195 0.00928025 848701
930570 0.00941263 857329
919632 0.00921021 839244
921760 0.00921154 847247
923710 0.00916883 842041
931979 0.00930838 847654
929138 0.00915892 853964
925804 0.009226 852576
928825 0.00919204 850067
934558 0.00920275 858810
940166 0.00927437 862559
933170 0.00920904 852738
935062 0.00920454 857334
933894 0.00921421 853952
942010 0.00945521 857578
940638 0.00921733 857985
937539 0.00917092 852131
937066 0.00926208 857927
944765 0.00933729 870627
934137 0.00917483 853646
939751 0.00923329 862054
943102 0.00926008 868002
933085 0.00915221 857958
934251 0.00916971 856044
940681 0.00925958 860399
939074 0.00940146 857790
939675 0.00920833 854275
938245 0.00924529 857263
943804 0.00928442 861345
938540 0.00926404 862220
935936 0.009361 849579
941267 0.00936179 861165
936170 0.00934067 848675
940536 0.00936412 861153
938377 0.00924038 861670
937278 0.0092235 858039
943123 0.00929492 868104
943372 0.00931721 867628
943463 0.00930079 867870
948636 0.00933446 865228
952339 0.00934912 866263
951288 0.00932917 862227
952289 0.00942871 870490
949049 0.00954967 868803
954140 0.00948508 871607
951827 0.00952138 871864
954561 0.00958808 879931
948509 0.00952513 868276
943705 0.00946638 864315
945954 0.009449 871051
953145 0.00958258 869720
949818 0.00962792 867809
953900 0.0107533 876699
945237 0.00954613 860875
948873 0.0095275 869003
952953 0.00958617 874011
945598 0.00951379 861701
954937 0.00955333 870724
945795 0.00957104 864503
951563 0.00953042 872582
944854 0.00954646 862843
946527 0.0095655 868208
958118 0.00965375 882664
947339 0.00964963 867458
944697 0.00937171 864825
955649 0.00965804 872383
954553 0.00956358 869681
944787 0.00946746 861312
948110 0.00953787 870186
966365 0.00974717 891929
966477 0.00958888 877328
966151 0.00973258 880686
968490 0.00964746 887416
969113 0.00980017 891872
969311 0.00980167 893770
970458 0.00973646 896758
968608 0.009727 884985
965189 0.00963254 881102
969265 0.00961242 890695
961312 0.00953471 879210
959643 0.00942254 876462
963045 0.009588 879574
969418 0.00970713 891452
975659 0.00973908 889698
966529 0.00963971 888427
970213 0.00969221 891889
957381 0.00964 878712
962358 0.00970608 886184
967204 0.00968463 890328
969693 0.00980696 892464
970253 0.009969 893219
966039 0.00965483 882693
967037 0.00975142 880812
963424 0.00961954 880537
963946 0.0106214 883474
971992 0.01065 890229
963405 0.00961437 875609
953404 0.00979075 870134
961754 0.00977062 883215
967385 0.00965921 886068
979807 0.00999179 896328
974624 0.00980792 895218
978356 0.00976775 894315
970877 0.00988754 884424
976630 0.00975158 891985
978372 0.00988162 891683
978437 0.00995233 896309
978726 0.00968025 885666
978887 0.00982204 894897
973674 0.00967571 891102
973278 0.00963825 892322
969802 0.00967533 883210
975398 0.00993954 891848
978798 0.00975533 893846
973222 0.00979317 889081
975897 0.00965921 887103
976003 0.00977342 890519
976080 0.00964029 892563
979513 0.00960896 900237
974598 0.00969158 892985
980462 0.00965654 895276
976236 0.00966142 895808
978716 0.00973846 896815
970985 0.00954525 883363
974689 0.00960663 893426
976358 0.009642 897171
962732 0.00948104 876067
970657 0.00959742 890128
979634 0.00958271 893131
988822 0.00974488 902716
986325 0.00973367 897355
984785 0.00974921 904130
987770 0.00979304 899206
978260 0.00964525 891700
985624 0.00969967 901906
983801 0.00973113 899137
984938 0.00966087 891870
987291 0.00978037 903070
979320 0.00968058 893735
985452 0.00966883 896690
979079 0.00968133 896878
979501 0.00970258 894441
984695 0.00981833 897781
985832 0.00988804 901165
986543 0.0098285 903119
982035 0.00990125 900844
984971 0.00992221 894939
987217 0.009846 900165
980608 0.00979521 891446
984160 0.00986567 896208
983343 0.009662 893861
975038 0.00966 889681
975705 0.0095745 887420
987523 0.00974275 900714
986649 0.00982188 907733
981910 0.00965625 897740
985357 0.00976592 901305
985015 0.00972021 901721
979646 0.009637 895577
1005484 0.00992875 928038
1001102 0.00993629 912297
990612 0.00977771 909542
997913 0.0100652 916615
1002654 0.00986912 921843
990952 0.00992417 910616
1001040 0.00998263 914972
996331 0.00984662 913837
993404 0.00993808 907176
992707 0.0100036 909000
995081 0.00980021 913464
998609 0.00994567 916670
997193 0.00981442 916900
985082 0.009789 898038
987452 0.00983379 901945
997558 0.00978754 909948
1000395 0.00990838 912439
1001813 0.00983575 909966
993870 0.00981992 914745
997658 0.00989508 906856
998139 0.00979654 908133
998128 0.0098735 906121
998239 0.00982754 909713
996995 0.00983308 905796
993840 0.00997958 907092
999252 0.00991529 915375
999250 0.00995533 921552
995180 0.00989579 905583
999134 0.00986892 909882
1001886 0.00985896 909273
1005733 0.00994008 915074
1014418 0.00994808 927672
1007507 0.00988133 917493
1003595 0.00984092 914959
1002974 0.00984254 912248
1009224 0.00986633 919402
1001969 0.00984929 915290
998243 0.00979021 907713
1003262 0.00984992 915113
1012766 0.0100317 923518
1005469 0.0100566 915172
1006832 0.0100729 923097
1009083 0.0100297 922289
998992 0.00996413 907779
1005835 0.0100255 914348
1007562 0.0100132 921907
1003220 0.0102177 913319
1004224 0.0100121 916330
992993 0.00992825 902192
999163 0.0101205 910025
1005976 0.0102268 919542
997929 0.00987821 904736
1006755 0.00993725 917859
1014713 0.0100513 923327
1000262 0.00980471 904614
1011710 0.00993054 928594
1002607 0.00981529 912293
1001155 0.009849 911909
1000477 0.00996954 911048
1013917 0.00993746 928324
1014492 0.00995833 924205
1020494 0.0101426 927440
1017896 0.0101397 921155
1011362 0.0100827 925544
1013845 0.0100843 925486
1020765 0.0101812 928155
1013328 0.0101732 923113
1022419 0.0100567 938473
1014553 0.00996758 927096
1027198 0.010069 935838
1015120 0.0100016 927184
1013336 0.00996038 927058
1015564 0.00998537 927733
1016629 0.0099835 928181
1021364 0.0100054 932526
1020956 0.00998313 924008
1019887 0.010101 932983
1013999 0.0100512 924892
1022353 0.0102007 926869
1021927 0.0101866 922787
1019630 0.0100252 933955
1025407 0.0100857 939791
1015185 0.0102157 924718
1021137 0.0100214 933186
1022934 0.010248 938072
1021281 0.0101188 932497
1018584 0.010206 933464
1016168 0.0101516 931324
1024545 0.0100584 931240
1019812 0.0100295 931821
1036806 0.0102999 943106
1027531 0.0103323 934125
1028956 0.0104284 937580
1036658 0.010414 950925
1031351 0.0103268 943837
1029592 0.0103082 935743
1028638 0.010259 932971
1030845 0.010248 934153
1025767 0.0102311 937399
1034014 0.0102897 941547
1033838 0.0104307 947522
1030684 0.0103863 938576
1031809 0.010301 939102
1033026 0.0115605 947400
1034652 0.0106876 951712
1035100 0.0104167 938496
1031150 0.0112493 945714
1031924 0.010736 936332
1026563 0.0102541 928835
1034440 0.0105171 938575
1030723 0.0105321 936965
1026201 0.0102761 931934
1033547 0.010501 946846
1029787 0.0105173 943674
1033072 0.0103764 940885
1031029 0.010453 941533
1033894 0.0103484 937879
1031707 0.0103058 947918
1026966 0.0103058 939082
1031310 0.0101673 940913
1034792 0.0101735 943028
1032852 0.010199 942540
1042840 0.0102864 948959
1033322 0.0101235 940886
1035275 0.010227 944256
1039162 0.0102537 943932
1040918 0.0101966 946547
1042218 0.0102215 944442
1038695 0.0102565 947689
1041582 0.0102289 954196
1040802 0.0102857 952040
1037866 0.0102053 948966
1026910 0.0100583 930780
1036716 0.0102013 948112
1044454 0.0102766 947112
1028286 0.0100932 931345
1032457 0.0103024 946317
1044030 0.0102799 957658
1039174 0.0102657 948389
1032556 0.010217 940796
1037216 0.0102042 946949
1038653 0.0103925 946842
1025643 0.0101162 933844
1033508 0.0100918 932925
1037525 0.0102346 941137
1042026 0.0102574 944667
1039318 0.010193 945579
1031400 0.0102036 938530
1039756 0.0102315 941966
1037823 0.0102022 944915
1047581 0.0104418 955774
1049602 0.0103807 956912
1047290 0.0102573 953474
1047493 0.0103497 945906
1049537 0.0103228 955002
1050246 0.0103172 956423
1039570 0.0102487 946817
1048578 0.0103255 951171
1047923 0.0104342 951319
1045409 0.0103343 944519
1048354 0.0104855 958309
1051827 0.0102652 955481
1048799 0.0103645 952540
1047480 0.0102905 945772
1046179 0.010243 948505
1044524 0.0103636 949605
1045167 0.0103088 952543
1043150 0.010231 946249
1040486 0.0103374 943998
1054846 0.0103505 957642
1046263 0.0102467 954423
1051450 0.0103658 947402
1049400 0.0103242 957012
1044847 0.0102701 953532
1050219 0.0103479 959941
1053157 0.0103958 955821
1042627 0.0104176 943660
1040715 0.0103817 941595
1047082 0.0104308 951182
1044877 0.0104718 950134
1055961 0.010574 964171
1060209 0.0105939 962243
1058649 0.0104763 962026
1054097 0.0104098 953632
1059531 0.0106706 968250
1054188 0.0104107 956693
1056921 0.0103489 957557
1052962 0.0103863 960651
1051648 0.0103015 957332
1055190 0.0103628 951905
1049792 0.0103313 948323
1055966 0.0105138 961419
1058619 0.0105106 960588
1054097 0.0104374 960032
1061826 0.0105584 964111
1058963 0.0107024 966540
1055345 0.0105236 956654
1059330 0.0106755 961325
1054877 0.0106428 957065
1050552 0.0105247 956219
1061371 0.0105924 966169
1051852 0.0106213 958587
1057177 0.0105357 951340
1056071 0.0106022 960924
1060108 0.0105963 957082
1052171 0.010569 953998
1061236 0.0106081 967326
1061983 0.0105908 972947
1052008 0.0105515 957231
1059383 0.010624 961769
1067996 0.010724 964008
1065698 0.0107452 967250
1065208 0.0105335 967860
1069072 0.0105089 971692
1066745 0.0104672 968608
1065866 0.0104531 969903
1075044 0.0105062 977875
1057373 0.0103907 959838
1073637 0.0107048 973119
1072096 0.0107127 979116
1067382 0.0107713 967970
1063530 0.0105962 960881
1076646 0.0107283 985335
1069584 0.0106593 974339
1058936 0.0106018 958234
1063857 0.0104477 971068
1068922 0.0105161 974447
1062717 0.0103871 961608
1067384 0.0104316 974777
1074515 0.0106085 979189
1068063 0.0105823 973036
1069422 0.0106838 974407
1071653 0.0105206 975502
1065592 0.0104062 963013
1060543 0.0103766 960332
1066324 0.0104336 969572
1067550 0.0104645 974433
1070596 0.0105663 968433
1068378 0.0105527 972075
1066679 0.0106778 965096
