692 1.6709e-05 378
618 1.4125e-05 329
670 1.55e-05 456
631 1.5625e-05 412
635 1.475e-05 412
710 1.55e-05 550
789 1.55e-05 474
578 1.4625e-05 327
651 1.5041e-05 452
618 1.4541e-05 413
748 1.5417e-05 481
624 1.5208e-05 423
552 1.425e-05 347
570 1.4375e-05 367
604 1.4167e-05 395
668 1.5542e-05 383
649 1.4958e-05 387
614 1.4458e-05 429
836 1.5208e-05 375
726 1.5292e-05 429
644 1.5083e-05 487
668 1.5583e-05 462
669 1.4625e-05 380
599 1.4e-05 389
554 1.4083e-05 355
623 1.4584e-05 398
608 1.4292e-05 380
734 1.5208e-05 437
637 1.4333e-05 332
766 1.5583e-05 475
1792 3.1333e-05 646
1440 3.3e-05 837
1795 3.4333e-05 1007
1666 3.3542e-05 848
1526 3.3875e-05 939
1498 3.2958e-05 950
1699 3.45e-05 1072
1549 3.3334e-05 880
1540 3.2167e-05 865
1596 3.4709e-05 1061
1853 3.6667e-05 1151
1660 3.3625e-05 857
1484 3.2875e-05 872
1382 3.1916e-05 775
1559 3.4083e-05 1055
1632 3.3125e-05 842
1573 3.2708e-05 776
1648 3.3e-05 874
1806 3.5167e-05 1042
1493 2.925e-05 917
1508 2.8333e-05 892
1588 2.8541e-05 904
1543 2.7041e-05 844
1588 2.8417e-05 938
1675 2.775e-05 804
1464 2.7959e-05 899
1624 2.8625e-05 990
1603 2.8791e-05 930
1605 2.8e-05 848
1494 2.8708e-05 962
2455 4.6166e-05 1662
2517 4.5375e-05 1381
2561 4.7125e-05 1604
2802 4.7458e-05 1439
2488 4.5708e-05 1467
2901 5.0667e-05 2044
2625 4.6542e-05 1592
2687 4.5166e-05 1412
2338 4.4958e-05 1297
2512 4.6166e-05 1471
2380 4.4916e-05 1407
2488 4.575e-05 1451
2471 4.6667e-05 1614
2612 4.575e-05 1534
2514 4.5167e-05 1431
2498 4.4292e-05 1424
2637 4.5625e-05 1591
2456 4.575e-05 1424
2444 4.7709e-05 1640
2569 4.6708e-05 1784
2590 4.5875e-05 1633
2412 4.4e-05 1363
2515 4.6416e-05 1614
2451 4.4584e-05 1286
2736 4.6167e-05 1465
2576 4.6292e-05 1472
2498 4.6e-05 1488
2824 4.6458e-05 1468
2616 4.5292e-05 1408
2371 4.3833e-05 1277
3386 6.0292e-05 1626
3642 6.6125e-05 2409
3782 6.75e-05 2488
3541 6.4375e-05 2005
3410 6.425e-05 2082
3456 6.3167e-05 1847
3726 6.7042e-05 2616
3577 6.4917e-05 2334
3414 6.2792e-05 1858
3530 6.3625e-05 1971
3503 6.5e-05 2126
3735 6.5375e-05 2201
3607 6.9875e-05 2325
3565 6.6292e-05 2273
3725 6.4667e-05 1996
3407 6.3542e-05 2109
3577 6.3709e-05 1914
3659 6.3167e-05 2002
3482 6.3875e-05 2032
3510 6.45e-05 1982
3884 6.325e-05 2037
3775 6.625e-05 2352
3703 6.2625e-05 2011
3539 6.525e-05 2195
3331 6.2e-05 1737
3735 6.4791e-05 2112
4000 6.5167e-05 2057
3673 6.5917e-05 2230
3471 6.4084e-05 2016
3498 6.4834e-05 2211
4753 8.325e-05 2643
5129 9.025e-05 3459
4754 8.4708e-05 2818
4902 8.1167e-05 2495
4592 8.3833e-05 2729
4833 8.4083e-05 2593
5462 9.0167e-05 3259
4742 8.5333e-05 2623
4392 8.4416e-05 2628
4821 8.2958e-05 2380
4409 8.2083e-05 2429
4854 8.3792e-05 2485
5046 8.2583e-05 2728
5048 8.2e-05 2385
5487 9.0709e-05 3544
4948 8.6292e-05 3102
4830 8.3708e-05 2873
4732 8.0125e-05 2371
5206 8.6334e-05 2953
4766 7.5625e-05 3067
4699 7.3e-05 3079
4984 7.2125e-05 2658
6420 8.725e-05 4228
4551 7.3166e-05 2777
4967 7.2292e-05 2176
4482 7.25e-05 2575
4671 7.4583e-05 3016
5310 7.725e-05 3303
5507 7.2375e-05 2239
4830 7.2542e-05 2424
5849 9.05e-05 3449
6226 9.4041e-05 4077
5946 8.85e-05 3334
5746 9.05e-05 3070
5729 8.8041e-05 2987
5708 9.2375e-05 3674
6427 9.4375e-05 4068
6387 9.5125e-05 3923
5855 8.7459e-05 3073
5738 8.875e-05 3260
5899 9.1375e-05 3477
5865 9.1583e-05 3667
5706 9.0416e-05 3680
6649 9.7291e-05 4644
5844 8.8834e-05 3095
6916 9.3792e-05 3703
5635 9.0417e-05 3370
5712 8.6916e-05 2904
5971 9.2291e-05 3447
5816 9.0125e-05 3465
6035 9.4958e-05 3873
5748 9.0458e-05 3273
6139 9.05e-05 3361
6110 9.2291e-05 3850
5937 9.0625e-05 3791
5503 8.8917e-05 3114
5902 9.1083e-05 3772
6329 9.4042e-05 3930
5576 8.9792e-05 3551
6527 9.1875e-05 4194
7323 0.000109875 4574
7968 0.000108125 4239
6886 0.000106625 4323
7198 0.000108875 4098
7063 0.000107542 4133
7311 0.00010675 4055
7343 0.000111208 3967
8568 0.000112333 4617
6953 0.00010425 3734
7155 0.00010525 3698
7270 0.000106959 4128
7017 0.000105375 3853
7151 0.000110208 4453
7200 0.000112125 4653
7190 0.00010825 4245
7331 0.00011025 4207
7333 0.000110208 4319
7425 9.6458e-05 4350
6672 9.5041e-05 3885
7557 9.6625e-05 4468
7310 9.825e-05 4866
7923 9.5084e-05 3484
6769 9.3625e-05 3815
7675 9.6834e-05 3831
7270 9.5708e-05 4294
6648 9.2125e-05 3739
7362 9.2e-05 3522
7830 9.775e-05 4100
7343 0.000100667 4696
7168 9.525e-05 3604
9013 0.000114417 5391
7824 0.000110125 5100
7939 0.000109583 4441
9474 0.000112583 4508
7824 0.000116875 4313
9434 0.000114834 5230
8266 0.000113917 3934
8877 0.000113167 5233
7940 0.00011025 4666
8665 0.000112375 5121
7949 0.000109416 4864
8825 0.000112958 5476
8800 0.000113625 4890
8531 0.000113542 4917
8164 0.000112209 4986
8621 0.000114292 5587
9792 0.000124667 6241
8470 0.000112083 4731
8452 0.000112416 4990
8855 0.000112541 5129
7767 0.000109333 4539
9163 0.000113291 4925
7603 0.000111291 4734
8577 0.000110834 4567
8258 0.000109209 4547
8393 0.000110125 4577
8310 0.00010725 4548
8037 0.000110083 5045
9075 0.000116041 5129
8838 0.000114375 5220
9274 0.000125208 5022
10065 0.00012925 5919
10009 0.000132792 6284
10367 0.000134792 6513
9212 0.000126792 5196
10729 0.000135125 6607
9198 0.000129416 5489
9628 0.000124125 5068
8775 0.000128125 5654
9929 0.0001255 6064
9560 0.0001155 5353
9267 0.000113166 5232
8859 0.000112709 5318
9572 0.000113667 5628
9882 0.000117459 5877
9183 0.000114708 5920
9615 0.00011325 5160
8913 0.000111833 4874
9445 0.0001145 5737
9430 0.000115 5988
9571 0.000118625 6079
9281 0.0001145 5932
9015 0.000112292 5141
10123 0.000116542 5377
9332 0.000109792 4779
9261 0.000113792 4910
10364 0.000115083 5250
9561 0.000111084 5293
9151 0.000112208 5496
10694 0.000115166 5500
10586 0.000127875 5809
11209 0.000129375 5933
11042 0.000128375 6133
11334 0.000129041 6408
13246 0.000145541 9132
10736 0.000128291 5857
10457 0.000124459 5485
11322 0.000132333 7230
10537 0.000124667 5839
10857 0.000127667 6073
11561 0.000128167 5871
12007 0.000135375 6222
10756 0.000130959 6531
11630 0.000132208 7259
12589 0.000139042 8224
10606 0.00012625 5565
10974 0.000129917 6504
10695 0.000124959 5581
11247 0.000139792 7186
10637 0.000127625 5341
10456 0.000123417 5465
11954 0.000123875 7365
11087 0.000117583 6018
11825 0.00012075 6212
10816 0.000121292 6765
11129 0.000122875 7015
11280 0.000116792 5807
10766 0.000117792 6141
13471 0.000128416 7483
10667 0.000116708 6194
11505 0.000131584 6599
11756 0.000133542 6976
12249 0.000129916 6533
12947 0.000133625 7351
11442 0.00013125 7296
12844 0.000134833 7992
13167 0.000135334 7803
12465 0.000130084 7060
11902 0.000129292 6211
12849 0.00013625 6992
11647 0.000128541 6121
12997 0.000134958 7619
12774 0.000131542 7111
12413 0.000135333 7756
12702 0.000133917 7670
13255 0.000132417 6873
12558 0.000130083 7454
11349 0.000131334 6174
11305 0.000128 6343
12951 0.000131542 6912
13820 0.000136334 8293
11780 0.00013075 6698
12053 0.000130666 6420
12049 0.00013025 6502
14272 0.000137584 6946
12203 0.000135375 7565
12475 0.000123958 7359
12005 0.000118666 6504
12887 0.000123291 6524
11503 0.000119916 6671
13790 0.00013575 7970
12995 0.000130834 6787
14522 0.000136583 7703
13847 0.000135042 8430
13913 0.000129417 6679
14366 0.000135375 7682
14353 0.000141041 8552
13591 0.000135625 7938
13694 0.000132708 7164
14252 0.000136917 8201
13231 0.000135833 7694
13886 0.000135625 8218
13656 0.000136917 7977
13581 0.000129 6997
14408 0.000139167 7146
12441 0.000133083 7614
13955 0.000137625 8104
13445 0.000134208 8280
13732 0.000133958 7682
13068 0.000135166 7807
14048 0.000138083 8102
14383 0.000137166 8494
12839 0.000129958 6671
14259 0.000138833 8403
12835 0.000133625 7606
13129 0.000133667 7930
13014 0.000133458 7150
12742 0.000133416 7860
13341 0.000133584 8166
14601 0.000139959 9109
15125 0.000139333 7683
15119 0.000135583 8339
14128 0.000134125 8225
14122 0.000136458 7757
14277 0.000135917 9262
14825 0.000137625 8901
15327 0.000136333 8479
15206 0.0001375 8985
15062 0.000139125 9128
14120 0.000136833 8169
16748 0.00014175 9291
14876 0.000134958 8744
15338 0.000133292 7446
14518 0.000135917 8514
15527 0.000141917 10399
15299 0.00013875 8986
14062 0.000131833 7312
14604 0.000136708 8604
15425 0.000136875 8049
14203 0.000136791 8342
15017 0.000133458 7345
14828 0.000136708 8710
17545 0.000154125 12162
17346 0.000144542 10316
14988 0.000137 8871
15520 0.000137167 8295
16546 0.000136583 8065
15020 0.000136125 8054
16503 0.000142416 8997
15769 0.000137583 8618
15228 0.000148084 8629
14710 0.000149917 8649
16146 0.000149125 9490
15091 0.000150958 9127
16268 0.000151291 9817
16043 0.000149583 10000
15882 0.000164916 9549
18165 0.000149583 9576
16350 0.000141417 9155
14903 0.00013425 8178
15550 0.000143375 9378
16927 0.00014275 9932
16665 0.000136209 8417
16143 0.000133417 7990
16462 0.000136792 9070
17400 0.000140959 9429
15685 0.000139334 8654
15217 0.000134583 8780
14602 0.000135792 8830
15495 0.000137125 8769
17905 0.000148042 11397
18020 0.000143875 10915
16994 0.00013875 9585
16300 0.000135667 8477
15098 0.000134667 8380
17565 0.000144833 10379
16883 0.000142292 9636
16462 0.000134792 8373
16892 0.000139208 9684
17510 0.000136583 8608
18094 0.00014925 9755
17272 0.000149041 9172
18213 0.000151083 10799
19445 0.000160958 11396
18291 0.000149042 9865
16274 0.000146625 9383
18904 0.000150959 9788
21161 0.000161041 12631
16966 0.000148166 10063
16620 0.000147583 9247
18108 0.000146584 9645
17617 0.000145917 9623
20308 0.00015425 10824
19660 0.000154291 11501
17163 0.000148292 10504
16577 0.000148791 9400
16915 0.000160417 9143
16852 0.000155958 8838
17379 0.00015375 10649
17763 0.000152125 10274
17177 0.000148667 10249
17853 0.000153 10972
18065 0.000149 9138
16641 0.000149459 8931
16165 0.000142917 8807
18134 0.00015025 10444
18482 0.000154042 11300
16381 0.000147292 9156
18579 0.000148458 11127
17240 0.000143125 9573
18465 0.000154542 10648
18334 0.000152333 9709
20624 0.000159333 11482
21125 0.000156625 10358
20228 0.000164542 12992
18304 0.000157833 11025
18813 0.000155375 10491
19099 0.000152792 10345
18288 0.000152125 9977
18928 0.000155542 10891
19430 0.000159625 12632
18189 0.000154 10069
19984 0.000157916 12224
18087 0.000155416 9837
19884 0.000159416 12324
18470 0.000152416 10147
19077 0.000161166 12055
19499 0.000158542 11991
18523 0.000151916 11414
18181 0.000154 9699
20273 0.0001625 13110
18079 0.00015875 10737
20426 0.000154166 10127
19254 0.000153959 10935
17335 0.000151084 9815
18937 0.000153791 10942
18957 0.000153708 11334
21229 0.000160291 12042
18848 0.000150833 9373
20622 0.000162833 12011
21361 0.000163208 10711
19400 0.00016275 11644
21613 0.000167916 12143
21450 0.000161958 11235
20013 0.000159459 10142
20258 0.000169667 10903
19950 0.000171291 11222
20314 0.000172041 12594
20414 0.000172666 13396
20365 0.000167125 11343
21764 0.0001675 11737
20843 0.000172041 12993
19860 0.000166791 11848
20220 0.0001685 10454
19696 0.0001675 10742
20499 0.000166708 11767
22568 0.000183167 14045
19542 0.000166875 12146
21711 0.000173792 13131
20878 0.0001675 11264
18989 0.000159583 10733
19374 0.000161708 10631
22725 0.00018 14728
18777 0.000163292 10329
20814 0.000164042 11263
19943 0.000171209 12125
20270 0.000169875 12018
20126 0.000162458 11651
21289 0.000168458 11228
20031 0.000163125 10937
20772 0.000172416 12447
21474 0.000173916 12268
21080 0.000174792 11915
22434 0.000175875 11458
21917 0.000174917 12091
22181 0.000183958 15121
21190 0.000174125 11901
22916 0.000186875 13658
20964 0.000178375 12855
22273 0.000183959 12787
22962 0.0001815 13106
21861 0.000180209 12047
19674 0.000172875 11123
22533 0.00017475 12125
21162 0.000175292 11452
21834 0.00018075 13082
22460 0.000183208 12748
23700 0.000189167 14750
21216 0.000172917 11854
21619 0.00017825 11702
20547 0.000176666 12338
20826 0.000181625 11712
19937 0.000184541 11106
22191 0.000188042 12577
21777 0.000189166 13828
22679 0.000192042 14106
23309 0.000191417 14004
23436 0.00019075 13258
20678 0.000182209 12596
20804 0.000177375 11968
23138 0.000190417 12561
21476 0.00018525 12429
23907 0.0001955 13077
24667 0.000188833 14582
23861 0.0001885 15469
22459 0.000181125 12098
21900 0.000176167 10735
22898 0.000183833 13895
23681 0.000183958 12236
22348 0.000180083 12678
22685 0.000178625 12512
26194 0.000194708 16589
22553 0.000184 12994
24037 0.000182375 11682
22911 0.000182667 12645
23004 0.000183 13439
24353 0.000200833 15949
23134 0.00018475 12689
24138 0.000192208 12575
23871 0.000186666 12577
21766 0.000185792 11961
25657 0.000206375 15829
25751 0.000204083 14971
22720 0.000187792 13432
22472 0.000189958 13435
23304 0.000187917 12098
22296 0.000188709 12478
23828 0.000199042 13945
21987 0.000185959 12205
22609 0.0001945 12344
24450 0.000206416 12679
25806 0.000207375 13899
25831 0.00020475 13692
23838 0.0001945 12129
29071 0.000222584 18853
24689 0.000198334 13812
28261 0.000201833 14949
25609 0.000194125 13975
23419 0.000189375 13076
25908 0.00020425 16621
24232 0.000195542 14155
23587 0.000188958 13219
24784 0.000193291 13575
24918 0.0001955 13769
25512 0.000198416 15016
24220 0.0001915 12751
24591 0.000197208 14294
24550 0.000192709 13733
25200 0.000196584 15068
25136 0.000192166 12397
26912 0.000191375 11789
25010 0.000192333 13820
24581 0.000190708 12586
23349 0.000193 14231
25251 0.000198167 15015
22962 0.000188458 12306
24045 0.000195916 15710
26779 0.000195666 13508
27938 0.000201875 14282
28139 0.000204083 16617
24503 0.000203 13584
28948 0.000218583 16266
25401 0.000202792 14176
25675 0.00021 15650
27813 0.000209791 14822
26652 0.000202667 15067
28335 0.000202375 12931
25500 0.000206333 16320
24338 0.000199 12682
25914 0.000205583 13571
26430 0.000204292 13113
24603 0.000206167 14339
25352 0.000205458 14450
25426 0.00021725 14497
26682 0.000224084 15181
25213 0.000207167 15748
25174 0.000205041 14409
24776 0.000205792 13760
25963 0.000207875 13850
26196 0.00020775 15751
26372 0.000223042 15577
27477 0.00021675 15511
27011 0.000220292 15592
24834 0.000207666 14892
26241 0.000219417 14689
25199 0.000203542 14500
24534 0.000205417 13663
24726 0.000205917 14538
25005 0.000204458 14353
26856 0.000209958 12668
28014 0.000214333 12787
27702 0.000213042 14186
25554 0.000213125 15118
25847 0.000214666 14667
27601 0.000217208 14699
26140 0.000217334 15096
29739 0.000226708 17714
26363 0.000214792 15039
27813 0.000221083 16672
27348 0.00022125 15798
26239 0.000215208 15258
27834 0.0002155 14449
25482 0.000214292 13862
25704 0.000213417 14372
27636 0.000215292 14218
27350 0.000209875 13872
26701 0.000213583 14884
25543 0.000219708 15620
27519 0.000211792 14697
26755 0.000218167 14245
25845 0.000215 14108
25074 0.000213417 13899
26633 0.000222 16420
27277 0.00021975 17970
28909 0.000227458 13603
24665 0.000232791 14521
25518 0.000212791 14558
26856 0.000232458 14499
29527 0.000230125 19268
27723 0.000229666 16266
28804 0.000231333 16494
29921 0.000226875 14788
26892 0.000225958 14545
30902 0.000235375 16593
31254 0.000239834 18838
31575 0.000238875 19357
29363 0.000229166 17384
28783 0.000234584 16015
26962 0.000224583 15929
30819 0.000237542 19005
27688 0.000227791 15992
28112 0.000227875 16362
26931 0.000226875 15080
28298 0.000225584 15777
30185 0.000236417 18441
29777 0.000242208 17177
31472 0.00024525 15546
29329 0.000237834 17452
30240 0.00024675 18052
31223 0.000257542 18335
28380 0.000237583 15483
27585 0.00023625 15072
27719 0.000239125 15906
29876 0.000249917 16477
31211 0.000260959 19860
33425 0.000248458 15129
28308 0.000235125 14123
31168 0.00024125 17168
30990 0.000241042 17433
29397 0.00024175 17469
31178 0.000247208 18538
31741 0.000253 18247
31027 0.000251 18285
30330 0.00024775 19272
31364 0.000245958 16897
30209 0.000245292 17249
29960 0.000247 15400
31124 0.000265416 19940
28941 0.000249125 15793
28987 0.000255708 15770
28869 0.000253125 16392
31765 0.000258875 17853
33618 0.000272208 19260
30926 0.000250458 18883
32456 0.0002475 15563
32660 0.000249208 18993
29471 0.00024 15368
30409 0.000246625 17484
32569 0.000244708 16210
29830 0.000249875 16419
30185 0.000240417 16189
29563 0.0002455 16215
31219 0.000254333 18325
29343 0.000248916 17487
29615 0.000252583 17235
30484 0.00025575 19552
36486 0.000262792 17804
31581 0.000255541 19018
30326 0.000252 19070
31030 0.000246459 15781
32088 0.000260166 18491
31024 0.000259833 18400
29528 0.000248875 15506
31555 0.000263917 18784
37783 0.000276125 23432
33257 0.000264042 20285
30545 0.000251042 15905
31266 0.000249916 15138
29465 0.0002485 15981
31313 0.000256834 16439
32499 0.000257375 18548
32108 0.000259458 15865
31511 0.000255375 17624
30728 0.000255083 16668
33093 0.000267125 18920
31562 0.000269916 18803
30559 0.000259083 18458
33751 0.000259667 17920
34115 0.000264583 16655
33510 0.0002555 17426
31826 0.000256083 17487
34069 0.000271166 21983
33273 0.00026425 19049
32078 0.000265334 19978
30660 0.00025425 17512
30803 0.000258291 17310
30739 0.000251333 17193
30624 0.000256 17983
32152 0.000258208 19145
32399 0.000263625 18333
34075 0.000270417 19567
34402 0.000272833 19297
30932 0.000268125 17042
31396 0.000269625 18526
33886 0.000270667 17962
33733 0.000268125 18716
30890 0.000271458 16841
34058 0.000276541 21618
32182 0.00026125 19407
34527 0.000269208 21268
31278 0.000257875 17416
31876 0.000259959 18970
35428 0.000254125 15951
33820 0.000269917 20469
32880 0.000260458 18465
32407 0.000256708 18369
32091 0.000258334 18008
31893 0.000257333 17012
35115 0.000277125 20495
31444 0.000260833 18142
35202 0.000263459 18945
34755 0.000258958 18101
32506 0.000279125 19717
32894 0.000262792 20082
35339 0.000269958 20795
31139 0.000255292 17446
35832 0.000265125 18838
33290 0.000266667 19355
33471 0.000257875 18269
31516 0.000258208 19393
34438 0.000269084 19260
33570 0.000270042 17537
32993 0.0002745 19127
35689 0.00027325 19809
35428 0.000299958 18286
34479 0.000273958 20343
34721 0.000270083 18106
33286 0.0002685 17574
35225 0.000273208 18485
37196 0.000274291 21211
33996 0.000275958 19334
35034 0.000275833 20862
32505 0.000261084 16551
34011 0.000270459 20240
36622 0.000277333 21003
34495 0.000266417 17320
35247 0.000266917 19188
37345 0.000275125 19379
35816 0.000278916 18831
37552 0.000270542 17718
34271 0.000293208 19687
34735 0.000275583 20750
34486 0.000275417 19000
34131 0.000273875 20439
37990 0.000281208 20230
34896 0.000270375 21144
33316 0.000271166 18721
32534 0.000268083 18823
32513 0.000267542 18513
36826 0.000279875 19883
37934 0.000283 21403
39157 0.000286625 19979
33976 0.000278416 18725
35177 0.000278834 20505
34281 0.000281833 20624
34704 0.000282834 19301
37251 0.000292959 22051
37810 0.000289875 22277
34551 0.000277875 18594
35091 0.000282125 20243
35645 0.000277875 19562
38269 0.000287167 21624
34992 0.000274625 18052
37601 0.000284291 21389
35446 0.000282792 19963
38667 0.000283583 20574
37769 0.000270666 16561
37066 0.000289416 19397
35290 0.000280125 19131
35930 0.000280375 19768
35707 0.000281917 18659
35151 0.000285958 20693
38916 0.000283791 20167
37848 0.000292 24244
36114 0.000280167 19423
34460 0.000279667 17813
36919 0.000276083 19017
40362 0.000297125 22547
33777 0.000283083 20213
35275 0.000282916 19494
37910 0.000298083 21718
38363 0.0002995 22104
39246 0.000293209 21947
38628 0.000303667 22667
36488 0.000292458 21249
37035 0.00029325 20292
38220 0.000320041 22847
36971 0.000289041 20045
40265 0.000304375 22497
40242 0.000294042 22279
37603 0.000296667 22103
37878 0.000297833 21946
36985 0.000290916 19934
41907 0.000305917 23602
39366 0.000296667 22745
35552 0.000293208 20224
37108 0.000290375 19389
36159 0.000285959 18633
35402 0.000289458 20674
36620 0.000289875 20129
38854 0.000294083 19254
40330 0.000305084 24642
41596 0.00031175 26260
38512 0.000296042 20340
35898 0.000294792 19505
40003 0.0002985 21293
38268 0.000303791 22944
40452 0.000296333 18613
37847 0.000294792 19765
36038 0.000294959 20896
39699 0.000306792 23164
46742 0.000322667 25478
39845 0.000314916 25566
40691 0.000303792 21660
36841 0.00029775 20004
39132 0.000302458 21093
38354 0.000302208 23634
36737 0.000301208 20531
41594 0.00032175 24128
37339 0.000301625 21537
36724 0.000302958 21748
40864 0.0003095 23123
38667 0.0003345 20130
39985 0.000321375 23145
37143 0.000317958 22352
37915 0.000326333 22645
39441 0.000314917 22871
40472 0.00034225 22957
41160 0.000317125 22964
38284 0.000304834 20836
40666 0.000311667 25007
38621 0.000302375 21159
39116 0.000309875 23326
41654 0.000308667 21673
37627 0.000307 21703
46341 0.000323125 24916
38439 0.000306625 22064
37910 0.000305875 22571
41802 0.000315125 23019
37258 0.000306625 20397
41655 0.000312792 22946
40415 0.000320292 22941
39846 0.000318375 20982
41630 0.000315 20246
43934 0.000325542 21705
41190 0.000329 24112
39020 0.000311792 22172
38934 0.000311375 21144
40057 0.000320375 24073
41396 0.000312875 21188
43230 0.00032825 22967
42214 0.000322959 24337
44233 0.000322625 24417
41259 0.0003235 22330
39668 0.000320917 22462
39987 0.00031225 23008
41756 0.000326708 25442
39219 0.00033825 22793
38119 0.000323833 22155
39982 0.000325709 25040
39971 0.000317792 21704
45067 0.000347417 28883
41795 0.000320958 24530
41046 0.000317416 21706
41474 0.000322708 22336
40793 0.00031575 21870
44978 0.000324542 23141
39472 0.000322125 22721
38779 0.000317042 22246
39413 0.000325166 24410
41997 0.000331708 24616
42279 0.000328 22417
44773 0.000337791 24317
48287 0.000364792 31333
42121 0.000323834 21637
40797 0.000332334 23383
44050 0.00033825 24933
42725 0.000335791 24867
39676 0.000323666 22345
43651 0.000331583 25695
47533 0.000350167 27893
40908 0.000327167 23448
44436 0.000332 23117
40290 0.000334042 24282
42079 0.000336708 25191
39835 0.000330958 24946
39659 0.000324834 23235
40649 0.000336542 23226
40150 0.000322833 20578
41828 0.000347 25762
42153 0.00033425 24131
44968 0.000333375 21897
41925 0.000333875 22774
39180 0.00033975 20971
43134 0.000351292 21873
41007 0.000331833 24166
38503 0.000324042 21495
40881 0.000332208 24402
45413 0.000348042 26688
47754 0.000348792 26041
44176 0.000334791 22177
45237 0.000336667 24456
42763 0.000342209 25320
42961 0.000340417 25068
44005 0.000340834 24775
41956 0.000347083 25470
39827 0.00033525 22374
43468 0.000328542 21127
45905 0.000353583 26690
42953 0.00034625 25910
43536 0.000341625 25124
42263 0.0003345 23099
43881 0.000335333 23445
45033 0.000346916 26365
46241 0.000336916 23912
45970 0.00035025 25950
41520 0.000338791 22657
44184 0.000342 24857
42714 0.000337042 23082
42827 0.000339959 22533
43463 0.000340958 23339
44888 0.000389834 27335
46521 0.000341625 23916
43367 0.000344333 24209
44517 0.000356083 25408
43250 0.000366667 27685
43691 0.000349041 26127
44050 0.000326292 20229
45382 0.000358167 25438
44989 0.000348958 26388
43934 0.000351541 24040
41780 0.000343417 21878
43946 0.000338958 21955
48586 0.000358583 25300
41967 0.000348958 23680
44351 0.000352416 24504
46497 0.0003605 25561
49048 0.00035625 26505
46448 0.000354875 24903
43684 0.000345875 24387
46074 0.000369 27276
43426 0.000347 23452
47680 0.000361666 26869
44595 0.000350917 25846
50676 0.000376667 28956
45366 0.000351542 23481
46715 0.000357666 22925
43752 0.00038325 23249
43907 0.000367708 25323
44997 0.000355083 24888
44902 0.000358458 25088
44221 0.000353958 23632
42632 0.000365583 22958
49131 0.0003725 29363
45549 0.000386416 26079
43961 0.000371667 23607
44409 0.000357333 24447
45343 0.000348625 24274
48071 0.000371083 30227
44387 0.000357375 27092
43897 0.000364375 24871
45542 0.000362792 23806
52003 0.000358792 21596
47337 0.000369708 26894
48458 0.00036775 26942
46866 0.000369458 25044
48089 0.000378917 29604
50443 0.000375625 26886
49425 0.000384667 30498
48586 0.000371708 26920
50512 0.000385667 31289
44364 0.000370833 26320
49296 0.000379834 29867
42875 0.000362917 24381
46073 0.000370334 26175
48309 0.000378875 28803
47387 0.000366667 24177
47773 0.000372375 28444
48790 0.000381167 26978
47602 0.0003645 24862
49306 0.00037575 29354
50727 0.000377583 28715
49824 0.00037575 28785
48490 0.000399666 26974
45667 0.00036125 23134
50092 0.000383125 29857
48101 0.0003835 25169
43026 0.000362667 23753
45628 0.000364 25476
50484 0.000381375 30474
51683 0.000375208 25715
52385 0.000399625 32946
48995 0.000375375 25572
51537 0.000374333 25710
55019 0.000407584 33343
46743 0.000366792 24704
45046 0.000365375 24183
47399 0.000375792 28450
48944 0.00038525 29190
49482 0.000377958 27675
49494 0.000382584 28086
51003 0.000393792 28950
49089 0.000381667 25540
48297 0.00040475 26924
50739 0.000412625 27192
49557 0.00041575 27125
50199 0.00040825 28303
46843 0.000481333 27574
56078 0.000445125 35488
47172 0.000397917 24418
47084 0.000406333 26907
47837 0.000403667 25208
50356 0.000420167 29875
49881 0.000560166 25289
51132 0.000597791 22432
46994 0.00040875 28286
49467 0.000403166 27203
48489 0.000408792 27968
44856 0.000402792 25847
47259 0.000411375 29418
51319 0.000409667 26332
51712 0.000437792 29983
47409 0.000416583 26928
49906 0.000423417 26033
51698 0.000406583 26941
48477 0.000403209 28458
52168 0.000390209 26393
48810 0.000389625 28194
51104 0.000394125 25421
47434 0.000386292 27466
46264 0.000388042 27217
50856 0.000395375 28353
52157 0.000401333 29712
51681 0.000403125 30640
51358 0.00039525 28445
52213 0.0003865 26069
48536 0.000381708 26788
53877 0.000400583 27969
51718 0.000404958 31938
49912 0.000402292 26586
47995 0.00039225 25316
48578 0.000404333 30018
48824 0.00041225 28030
49766 0.000439834 30323
49610 0.000400959 27033
52020 0.000401417 30300
48348 0.000384167 28090
50119 0.000387417 27271
48587 0.00039025 26891
53148 0.000402208 30840
52292 0.000405167 29692
51932 0.000398792 29469
51534 0.000390875 27456
54679 0.000408667 30027
56442 0.000407208 29139
49679 0.0004035 27322
51756 0.000414875 30596
51726 0.000399875 26026
53741 0.000400834 27584
52959 0.000403917 27278
51927 0.000396 26278
49231 0.000391875 25218
57525 0.000415083 31681
50773 0.000403375 28197
50892 0.000406875 30344
48623 0.000393917 25705
50381 0.000400375 26457
54315 0.000415042 31988
53476 0.000399833 27348
50095 0.000420625 31062
53510 0.000428041 32437
50005 0.000437333 28634
50054 0.000436125 30225
48679 0.000400875 28967
49092 0.000401083 24980
51687 0.000405125 26859
49813 0.000399667 28638
53499 0.0004105 30003
51056 0.000407667 29605
53835 0.000405208 28003
56336 0.000429916 35409
53472 0.000428125 33632
54253 0.000408334 28468
53165 0.000418958 30605
52576 0.000425167 30510
53340 0.000417041 30976
51554 0.000414458 30622
50176 0.000414667 27482
50843 0.000424208 30137
54518 0.000422792 31301
52291 0.000421042 31049
57136 0.000427083 32588
51981 0.000412541 28307
49642 0.000407667 29284
51786 0.000413125 29558
53192 0.000411917 28941
55526 0.00044175 29941
52343 0.000438875 29541
55252 0.00044075 30790
56043 0.000423875 27186
52984 0.000444417 28132
49776 0.000404208 26117
56575 0.000431 33270
54206 0.000413834 27401
49606 0.000402792 25118
49419 0.000414833 27892
59858 0.000439292 32975
54873 0.000418875 30916
51626 0.000409875 28019
55875 0.000434958 32935
54860 0.000439584 32004
55456 0.00043775 32664
57533 0.000446958 37799
51416 0.000424125 28240
53857 0.000431583 30756
60175 0.000454666 36474
59271 0.000460167 29734
57101 0.000452291 32049
53869 0.000425 25943
60064 0.00045825 37716
53368 0.000439 32120
57286 0.000451583 33234
51757 0.000431208 28993
56214 0.000466 32319
54231 0.000456917 31808
52418 0.000448041 30832
59180 0.000486291 37639
52453 0.000466417 27939
55517 0.000436625 27684
55440 0.000435625 28535
51850 0.000445167 29248
55266 0.000461875 30539
52583 0.000439625 29030
52604 0.000435416 30052
56907 0.000450292 31981
53778 0.000433458 28583
55327 0.000448125 28083
51741 0.000450084 31032
56090 0.000456 30596
56596 0.000470625 37337
53513 0.000447541 30897
52615 0.000429459 32440
59264 0.000443041 31817
57020 0.000436666 29764
62825 0.000456458 34655
55790 0.000428166 29217
52691 0.000431792 28852
55493 0.000474125 31767
58215 0.000460541 33392
57228 0.00045225 31500
59106 0.000472125 29199
57540 0.000464292 33842
56840 0.000462208 30274
54156 0.00046875 32529
55636 0.000440959 32993
56182 0.000436041 33944
55096 0.000442417 29131
54025 0.000428125 29164
56554 0.000433833 28030
59560 0.000439333 29175
58300 0.000437167 30274
57947 0.0004375 32232
59201 0.000438583 31947
56639 0.000438917 30732
54814 0.000439 31544
54913 0.000433834 32134
68970 0.000458375 31283
56210 0.000441875 30837
54372 0.00043075 29270
59358 0.000470917 34175
56474 0.000483375 33452
55257 0.000451542 31012
59997 0.000465666 36162
60327 0.000464417 32462
57391 0.000449333 29863
61035 0.00045325 31302
64396 0.000464459 37216
59718 0.000451625 33087
58420 0.000462583 33396
57109 0.000442875 28332
54424 0.000447583 30774
55288 0.00044925 29586
57423 0.000431833 28682
61424 0.000458541 33959
55205 0.000447375 29846
55671 0.000453709 30573
56901 0.000441167 31153
57459 0.0004545 31277
60829 0.000489208 33528
56227 0.000451459 31736
55941 0.0004575 29823
57622 0.000460667 30223
58197 0.000463958 32777
54694 0.000465667 29186
60379 0.000496541 34300
56058 0.000449875 33239
64238 0.000500917 38011
56050 0.000454292 28992
57715 0.000447209 31733
65255 0.000469834 37366
64635 0.000472333 33572
58482 0.00044475 29135
61820 0.000475333 32597
60031 0.000468042 36372
67695 0.000484542 36090
55996 0.00047275 31738
66266 0.000485291 38805
56086 0.000454416 30671
60237 0.000473291 33482
62865 0.000486167 37316
60268 0.000471084 35976
58544 0.000481042 36504
57130 0.000457375 27931
57520 0.000475208 29218
59476 0.00048625 32465
60758 0.000449083 28443
56617 0.000458875 32263
62998 0.000463709 36550
55306 0.000449333 33118
60607 0.00046475 31771
60980 0.00046525 35737
60542 0.000455458 31267
61713 0.000456625 32239
58401 0.000456167 31104
59878 0.000460291 33082
57760 0.000458209 33305
67478 0.000474834 31347
59279 0.000436083 27339
58530 0.000447125 29527
57739 0.000457708 32008
60086 0.000471709 33480
65320 0.000500667 35398
61283 0.000494917 37410
57512 0.000468333 31852
60532 0.000474875 32916
59919 0.000473084 30588
60042 0.000475167 34997
60102 0.000474583 35423
61363 0.00047625 34602
60202 0.00047125 34026
62553 0.000475917 35362
55537 0.000456417 30505
58490 0.000474125 34513
65323 0.000486625 38816
60695 0.000474 34335
57040 0.000461833 29833
58308 0.000464334 30267
59928 0.000465792 31124
59014 0.00046675 33088
64364 0.000498917 36455
59196 0.000465583 33934
58607 0.000471625 34834
60799 0.0004865 37411
63803 0.000516375 34017
58631 0.000470083 35051
62892 0.000480167 35547
62248 0.000476708 31319
67835 0.000481792 34988
61292 0.000472541 33775
60804 0.000475375 33423
63544 0.000503583 39825
63389 0.000495708 37582
60673 0.000476458 34917
63835 0.000488292 36551
65643 0.000483125 32357
63049 0.000492583 33755
70164 0.000495167 34779
63536 0.000481917 35426
59250 0.000479583 32462
63546 0.000488958 34583
61408 0.000480125 33167
62791 0.000483958 34094
63677 0.00049175 37835
61999 0.000507292 34999
63161 0.000486958 34442
59707 0.000503667 34166
61572 0.000493625 36616
73867 0.000540375 45722
65913 0.000491167 34556
62609 0.000484584 33503
66337 0.000504542 37633
63661 0.000487083 38688
62201 0.000492583 34665
61872 0.000479625 32833
58891 0.000482416 35144
63624 0.000488042 34468
59489 0.000490292 33868
64367 0.0004965 38404
69717 0.000517334 42287
63532 0.000498292 40224
60330 0.000486833 32697
58767 0.000492166 31346
65131 0.000507 37306
62727 0.000543083 34850
63768 0.000503291 38613
66699 0.000492208 34735
67124 0.000494666 35585
62507 0.000502875 36514
64799 0.000493084 35258
71728 0.000531917 44571
63446 0.000500958 38560
60848 0.000486916 34280
63646 0.000496959 34445
63418 0.000500875 41254
66389 0.000509709 38966
62053 0.000498542 34733
65751 0.000513208 39358
67505 0.000508334 38307
61815 0.000494959 38514
61814 0.00049025 33480
62631 0.000490083 32721
62120 0.0004985 37502
61143 0.000506625 33527
62277 0.000495625 36225
68499 0.00052775 40324
70935 0.000510042 35844
62097 0.000484167 31452
62247 0.000496708 35566
61353 0.000485834 31067
64918 0.000504875 35757
65055 0.000510875 35905
63002 0.0005095 38688
68509 0.000515625 37939
62918 0.000503833 33877
64204 0.000516125 35814
65706 0.000500792 32847
63804 0.00050425 35371
64204 0.000496333 33750
68598 0.000517375 38348
72189 0.000519208 35191
62259 0.000509208 34935
64587 0.0005 32628
71883 0.000517083 35647
62450 0.00053375 34433
74997 0.000596125 47217
65862 0.000501375 33674
70549 0.000530375 43202
66915 0.000521833 37251
65677 0.000523417 38306
66663 0.0005175 36872
69035 0.000515958 35485
64908 0.000513125 35906
71333 0.000535292 35790
64939 0.000506208 35987
66940 0.000528083 40044
67691 0.000522125 36327
63842 0.000500458 33655
77637 0.000582709 45495
61815 0.000506875 33236
69306 0.000528208 39794
65747 0.000516541 34743
63526 0.000514 34999
69084 0.000557917 42327
68727 0.000552 37378
66933 0.000516375 38405
68665 0.000514083 36858
65707 0.0005385 37340
64987 0.000520125 36184
63469 0.000518833 34234
65965 0.000527959 38919
68476 0.000543 43723
65300 0.000521333 36664
70174 0.000540625 40631
77924 0.000533791 34442
69681 0.0005435 39697
67154 0.000525583 39825
69143 0.000520708 33278
67931 0.000534167 38988
66525 0.000529292 38875
64732 0.0005185 35859
62071 0.000512417 33419
69576 0.000538208 40462
65668 0.000544 38742
71018 0.000555708 39177
65578 0.000517792 37457
71077 0.0005415 40845
67065 0.000524292 35665
65155 0.000506334 32172
73134 0.00056825 42439
62318 0.000516375 35008
68375 0.000531958 38167
71063 0.00054725 40603
65912 0.00053225 36379
69246 0.000562583 40690
66534 0.00059875 35931
66673 0.000531417 38718
67798 0.000518875 32149
70509 0.000527417 33794
68989 0.000533291 38155
69179 0.000541667 36050
65707 0.000532292 36445
72740 0.00054875 38413
71599 0.000571042 39041
66106 0.000532583 36779
68719 0.000545792 39109
71614 0.00053025 34069
68423 0.000530459 35906
71320 0.000550459 42549
67966 0.000538584 37181
68697 0.000528458 36262
67558 0.00053225 36115
65866 0.000535917 36577
69199 0.000545916 42124
74371 0.000543375 38638
66169 0.000534666 40895
65128 0.000531625 36585
73935 0.000550958 42324
70694 0.000542375 37497
67215 0.000537125 38528
66306 0.000570625 37909
69895 0.00055125 41990
75886 0.000576958 45741
68049 0.000541833 39758
74268 0.0005525 39097
68944 0.00055 41920
69716 0.000533584 36180
70968 0.000531583 34684
71933 0.000549959 40252
67506 0.000543042 36262
72218 0.00056075 42554
69542 0.000542875 35422
67801 0.000559875 33878
74943 0.000553625 38162
72699 0.000541833 38411
78870 0.000584458 47176
74680 0.000548209 38291
67030 0.000541833 37602
71587 0.000550458 36223
69549 0.000587083 41991
71055 0.000567 38025
70066 0.000542958 37928
68627 0.000536541 35718
72808 0.000542833 38645
70176 0.000540583 39737
69023 0.000548459 40025
71963 0.000538833 37640
68153 0.000540875 38432
71025 0.000553166 40763
75822 0.000547 42065
72418 0.000550792 38854
69626 0.000543333 35771
70523 0.000545833 37714
78279 0.000573209 42671
65282 0.000546 37304
75747 0.000560625 40809
70477 0.00055975 41042
68521 0.000548708 37519
68085 0.000569 37537
68985 0.000564416 35927
69317 0.00056075 37552
70767 0.000558916 39186
74477 0.00057225 43242
70534 0.000560625 40746
71162 0.000558792 39964
68354 0.00056175 38485
69075 0.000556958 38148
71652 0.000557041 38128
70079 0.000552084 36782
67639 0.000556167 40546
69904 0.000545209 36347
72562 0.000554084 36515
82527 0.000616709 56142
71162 0.000566458 39896
69960 0.000550958 37782
73457 0.000577625 44727
73724 0.000572208 36222
79416 0.000596167 49327
69037 0.000559 38855
71904 0.000569916 40902
74525 0.000554584 38141
79454 0.000584584 39588
73483 0.000585084 43694
74157 0.00056925 38705
73233 0.000570292 38939
71958 0.000577958 39170
72603 0.00057675 40105
75005 0.000577166 41317
76275 0.000571583 38381
77132 0.000567125 39439
71135 0.000579708 41854
71541 0.000571834 39876
75942 0.000586917 42394
72121 0.000564542 37752
74206 0.000595708 37548
73423 0.000595917 44761
69180 0.000565667 39596
69999 0.00055925 36666
71008 0.000560417 39782
72653 0.000556167 35455
72449 0.000574458 42016
76584 0.000587625 43495
76386 0.0005845 43754
72590 0.000583292 44236
79241 0.000590958 40480
71063 0.000570417 39488
75749 0.000579375 43882
76420 0.000586334 43179
74696 0.000589667 46311
74368 0.000582041 43430
74055 0.00057575 40855
79414 0.00059325 40948
75571 0.00060525 41124
75492 0.00060925 41308
75188 0.000592125 45670
73301 0.000567084 38641
74036 0.00058175 36515
73946 0.000586958 42772
73678 0.000575875 42747
71992 0.000578541 40167
77370 0.000574458 36797
77938 0.000587042 40739
79550 0.000589125 44046
70557 0.000574292 38932
72068 0.0005715 37726
77885 0.00057475 38502
80092 0.000587792 41256
78545 0.000585166 41788
76382 0.000578625 38345
76657 0.000597084 43549
73901 0.000577709 41782
75905 0.000618583 44257
74493 0.000587708 39229
79462 0.000607041 45374
79976 0.000609084 48828
80504 0.000603875 45918
75344 0.000594666 49030
77315 0.000583167 41276
74929 0.000578292 42710
79001 0.000598333 45636
76672 0.000582875 42802
77798 0.000588166 40543
74182 0.000597417 44433
76915 0.000592 42395
78507 0.000638917 47479
73393 0.000590209 40372
80374 0.000602125 43467
79226 0.000607875 47039
77519 0.000599042 40280
84090 0.000659125 48114
77709 0.000600958 43446
78849 0.000596375 45635
79448 0.000590583 39601
75458 0.000588417 41984
78276 0.00062325 47089
75669 0.000599334 40815
77356 0.000603417 47441
73872 0.000608125 42301
81619 0.000603916 43938
78752 0.000605375 48596
75126 0.00058975 41074
81979 0.000597666 43823
78785 0.000605125 47293
74352 0.000590583 41576
73537 0.000582042 41483
79430 0.000592583 40625
76250 0.000615708 44001
75092 0.000595583 39737
78678 0.000590041 41924
75494 0.00059975 46339
82133 0.000614792 49031
77043 0.000587541 38119
79464 0.000609208 45107
79698 0.000622792 49705
79377 0.000617666 46886
80225 0.000615083 47371
81308 0.000617625 47438
78259 0.000610833 44037
75219 0.000603375 42599
76811 0.000600709 40810
81365 0.000609708 44012
79996 0.000610125 44040
78319 0.000608333 44564
83349 0.000617458 43848
81846 0.000623833 46360
80057 0.000636708 40736
73808 0.000601291 42593
73703 0.000594375 40453
78692 0.000597042 43169
79156 0.000608709 46137
83338 0.000624833 44777
76526 0.000596125 40613
76348 0.00059925 40532
76856 0.000605958 44946
83373 0.000607208 40774
78543 0.000613959 46721
83415 0.000649125 51491
74407 0.000600041 42156
76861 0.000601042 43123
77845 0.000621541 45459
79154 0.000608959 43777
76984 0.00063225 41220
77204 0.000626417 43761
79206 0.000616208 44250
77757 0.000607625 41348
79058 0.000605667 39376
75923 0.00061125 41924
76405 0.000603166 40899
77434 0.000620125 46807
81970 0.000621459 46327
80802 0.000631042 47112
77330 0.000605042 43740
75179 0.000604041 41015
86971 0.000661625 56139
82812 0.000625834 47218
77025 0.0006045 38158
85919 0.000635834 48686
84862 0.000641125 48236
81806 0.000630084 43880
81476 0.000616584 44881
81402 0.000626042 45547
79124 0.000606959 39483
78816 0.000613875 44605
80497 0.00062725 49588
80634 0.000612417 44569
84710 0.000641625 49649
77621 0.000626125 48153
76368 0.000609125 41251
85233 0.00063575 50888
78221 0.000620958 43721
79235 0.000616458 44552
83867 0.00062825 43801
87409 0.000649666 51756
83832 0.00063575 45160
80248 0.000637833 47187
85609 0.000654166 47180
85439 0.000658625 43426
78700 0.000625417 40957
80476 0.000625875 43992
80039 0.0006395 47421
82319 0.000622 42795
82553 0.000654333 44528
79108 0.000647416 44959
86120 0.000630666 44148
82658 0.000640333 47986
81144 0.000633958 45324
82063 0.000623917 43794
79170 0.000621791 45029
82571 0.00063425 46474
81770 0.000627833 42316
84610 0.000629833 45180
77746 0.000623584 43055
88422 0.00066275 50331
83803 0.000670917 50291
86150 0.000673834 51654
88978 0.000681542 44619
81449 0.000639792 48877
86991 0.0006345 47095
83532 0.000637 44989
79127 0.000630417 45049
82577 0.000620042 40866
84191 0.000650125 47740
86289 0.000648583 45535
83183 0.000634167 45188
82722 0.0006375 44738
89841 0.000676417 54656
86645 0.000655875 45598
80176 0.000624334 41920
84398 0.000666041 49021
82707 0.000653416 44651
85702 0.000709334 51213
80327 0.000653792 43873
81397 0.000646958 46767
84383 0.0007005 53037
82453 0.000702792 47167
89794 0.000714917 48701
83350 0.000643834 48942
81528 0.000642875 44503
84876 0.000637875 47033
84594 0.000635833 43121
86723 0.000645959 44343
81934 0.000643958 45732
84771 0.000642375 45338
82272 0.000651209 48619
80746 0.00064575 46961
85539 0.000664291 51265
80555 0.000680958 47263
90758 0.000661958 52262
81783 0.000656 45484
82118 0.000637917 44835
82219 0.000627958 41787
83248 0.0006425 46498
82387 0.00065575 49391
86464 0.000638542 43677
82560 0.000662833 46122
82762 0.000654625 47559
88268 0.000664917 48661
82750 0.000657333 45869
89987 0.000685416 54957
86025 0.0006635 45173
87116 0.000646 46315
88247 0.000663542 48536
88198 0.000666166 50709
88806 0.000712084 51308
83375 0.000648834 43613
80993 0.000641542 44232
87792 0.000657959 46541
90946 0.000686917 47849
84897 0.000651875 46442
88004 0.000662542 49787
83536 0.000664792 47320
80059 0.000641625 44933
84364 0.000667041 46223
82085 0.000656334 45070
89621 0.000679542 53579
88356 0.000650208 44495
82417 0.00064325 45877
92838 0.000670041 49489
81297 0.000653417 46684
89024 0.000688458 52826
83169 0.000656667 47159
84606 0.000677 50019
83117 0.000646458 42566
87744 0.000662 46967
84153 0.000672375 50441
84754 0.000666459 47501
86113 0.000667625 42852
83484 0.000665166 48837
87979 0.000678167 50874
88348 0.000673084 51088
82135 0.000655292 43800
85853 0.0006795 52476
88008 0.000661292 43964
89552 0.000646541 42106
90023 0.000679458 51135
85433 0.000660541 45746
83909 0.000679083 44300
83817 0.00065875 46975
86487 0.000667083 46725
85287 0.000653958 43061
86547 0.000674542 47039
84792 0.000656166 46212
88885 0.000690542 53215
85441 0.000660125 42926
88869 0.000676708 49002
88380 0.000671167 46365
88611 0.00067275 50627
87456 0.000685916 52599
88061 0.000659958 47601
86780 0.0006755 49188
94146 0.000674083 50006
89205 0.000702083 55218
82826 0.000671666 45482
86065 0.000695083 52088
96895 0.000730375 56705
89654 0.00068575 52048
89860 0.000670708 45625
91183 0.000673542 46382
107178 0.000730833 56345
93721 0.000687041 49100
88789 0.000686542 52067
91348 0.000682834 49004
92604 0.000694375 49013
86046 0.000674042 49225
86809 0.000680041 50126
89821 0.000697708 51918
83036 0.00066525 42967
88800 0.000696083 53369
91894 0.000682333 44609
101545 0.000727 54679
93757 0.000747625 48592
85714 0.000691334 50096
88879 0.000686375 47124
86870 0.000681208 50937
88215 0.000687458 52848
95258 0.00072175 55160
89143 0.0006705 44190
87434 0.000674208 46032
89720 0.000689959 52347
88667 0.000695459 55952
88013 0.000694375 51282
88742 0.000702166 48494
89054 0.00070375 49909
97684 0.000728667 58462
90131 0.000707209 46190
90425 0.000733667 51744
90583 0.000716958 51455
87735 0.000671875 42037
89971 0.00070075 49057
89821 0.000695542 48531
91282 0.000702042 50998
89259 0.000700708 50730
89459 0.000706458 49853
85081 0.000680375 44917
87692 0.000671042 45428
83687 0.0006905 50208
85396 0.000686833 48406
92840 0.000718917 51890
83647 0.000689083 47525
83103 0.000686875 45657
89126 0.000700334 49163
85709 0.000738417 45880
89945 0.000739708 50048
92026 0.000713375 52170
95259 0.000695583 48445
87335 0.000685166 47149
95224 0.000703791 50782
95558 0.000713208 52653
88814 0.000712167 53819
90416 0.000694333 49372
90338 0.00068675 49016
95308 0.000705458 50460
90111 0.000703 49472
91062 0.00068975 48990
98551 0.000744875 56410
88800 0.0007 49308
86331 0.00070825 51069
87779 0.00072925 50836
90979 0.000716084 50893
91386 0.0007095 55065
92844 0.000710875 48537
91490 0.000708833 50341
87866 0.000690917 48251
94767 0.0007055 51815
89316 0.000707292 48440
96617 0.000699083 48899
92224 0.0007225 55596
95122 0.000693833 43957
92304 0.000703125 50599
93932 0.000699583 49661
87295 0.000690709 50666
91099 0.000710542 49111
88179 0.000725791 52822
92495 0.00070275 49283
90622 0.00070975 46292
88772 0.000688958 47659
92681 0.000704 51544
92436 0.000707667 51217
91365 0.000703083 50477
87020 0.000700291 50161
96711 0.000719084 53608
95362 0.0007345 54036
89316 0.000722083 50519
94080 0.000719209 51144
92874 0.000720083 51949
90279 0.000720083 50990
95647 0.00072375 54184
94838 0.000711167 47094
92044 0.000752375 50930
93375 0.000753042 54742
93473 0.000726375 47374
89132 0.000719417 50752
92322 0.000715833 49619
92153 0.000710791 53334
90338 0.000704333 48367
88883 0.00071475 50715
94480 0.000724625 54840
91612 0.000721833 52166
92650 0.000717625 49547
89502 0.000713542 52468
90981 0.000718584 50869
95817 0.000731875 54760
96692 0.000722291 53907
89562 0.00070075 47483
103326 0.000802542 58073
94721 0.000775167 55761
91701 0.00071825 51333
88813 0.000730375 53075
90975 0.000723375 50984
94875 0.000721709 55188
95720 0.000731125 51322
92755 0.000744208 52384
94595 0.000746375 53741
99346 0.000744417 54963
98278 0.000752709 53587
97548 0.000750959 54258
92428 0.000745167 53259
100317 0.000748875 53235
101056 0.000769333 62548
101138 0.000793166 57548
93818 0.000750167 54438
93839 0.000718167 46137
99879 0.000744167 55412
102571 0.000779084 64295
92195 0.000716417 51891
89732 0.000725958 49591
99399 0.00075125 59126
94908 0.000727042 50681
94565 0.000730125 49567
97429 0.000757959 58870
100038 0.000742459 55979
92154 0.000734709 51513
98625 0.000722125 49738
90507 0.000740083 52174
92759 0.00072925 53375
97172 0.000758334 48045
99594 0.000754167 56191
96722 0.000753416 54985
101866 0.000752291 55648
93009 0.00074625 54627
96177 0.000726 49312
93272 0.000773666 52779
97364 0.000741625 52125
99113 0.000754042 54825
100476 0.000761667 54448
102627 0.000762667 56274
92305 0.000723958 49032
95755 0.000754542 55046
99478 0.000752125 54955
95788 0.000760333 55152
94745 0.000735084 49919
99892 0.000757167 49245
104771 0.000774542 60051
97504 0.0007375 50665
103547 0.000751459 54023
97186 0.000744958 50852
95823 0.00073575 48788
101768 0.000761167 48590
93934 0.000753333 56185
104471 0.000782459 63084
97481 0.000761458 58820
90981 0.000742542 51126
95560 0.000762292 58525
92174 0.000728209 47005
97541 0.000750625 54729
98015 0.000792042 53292
95182 0.000733666 46695
98014 0.000763333 57878
91994 0.00073775 48814
90953 0.000737291 51294
102112 0.000774458 59002
97228 0.000746792 54449
95021 0.000742333 49925
106756 0.000793083 57613
94796 0.000753334 53701
96195 0.000749917 51699
114066 0.0008185 56873
100246 0.00078475 49449
101735 0.000769041 53315
99606 0.000744292 51273
100020 0.000794541 55177
100929 0.000817625 58683
97969 0.000749666 53469
96873 0.000747667 49329
111394 0.000761791 51755
99781 0.000772375 59826
101717 0.000775292 59526
108145 0.000774167 50678
93189 0.000753166 51490
96485 0.000757 55049
111033 0.000788708 59447
96966 0.00076225 55080
93355 0.00077825 51756
99480 0.000761542 56896
96395 0.000740084 50046
103326 0.000795792 56335
101191 0.000784583 62998
99277 0.000762667 56388
100718 0.00078575 56285
94047 0.000750375 52550
100220 0.000766 54662
101535 0.000770166 52109
98657 0.0007795 55924
93072 0.000759125 51337
108005 0.000805208 62685
102027 0.000779042 53846
100312 0.000769542 53350
101071 0.000777125 51525
96916 0.000756375 50834
99173 0.000771291 53213
103630 0.000826 65556
103109 0.000796625 51814
97788 0.000770417 55424
104506 0.000790042 59147
96909 0.000768209 52262
103707 0.000781125 58650
117315 0.000820833 64173
98147 0.000771875 59657
104531 0.000774417 51885
97301 0.000775916 56192
100412 0.000767917 54663
105680 0.000789084 60876
100583 0.000767417 57168
95830 0.000770583 56526
95651 0.000775875 51728
101007 0.000795583 51322
105929 0.000810459 63012
100367 0.000767708 50971
94107 0.000756541 51068
107887 0.000776875 56500
108197 0.000773417 52712
98579 0.000780833 56035
107440 0.00078125 57356
97945 0.000778667 57667
102092 0.000794416 61139
96116 0.000763542 51004
102156 0.0007865 58274
101077 0.000780459 54776
98460 0.000761209 51428
107668 0.00081075 61849
102643 0.000802333 59666
101855 0.000776042 52700
105608 0.000798125 57951
105671 0.000801875 58123
97802 0.000778542 52107
96656 0.000778 54508
100260 0.000769917 51863
106009 0.000807041 59802
106660 0.0008005 57644
101227 0.000788834 58049
97147 0.000770709 54234
98413 0.000784583 59002
105091 0.000791083 62030
101542 0.000796208 56259
107176 0.000854292 61413
96283 0.000817417 52680
104758 0.00078475 56066
108118 0.000808666 66060
103377 0.000779875 60882
97872 0.000767958 53391
99716 0.000775334 54767
100502 0.000794375 55398
110296 0.000799166 57232
109138 0.00082125 62019
102063 0.000794792 59175
102428 0.00079825 58614
107587 0.000814 60831
104499 0.000808792 57786
102414 0.000790584 56315
98912 0.000821042 55442
113262 0.000892583 73544
113841 0.000830792 59946
101470 0.000787958 57546
111691 0.000817292 61487
97444 0.000784458 56977
100365 0.000784 52734
109808 0.000826167 62975
105906 0.000803792 60841
99494 0.000795833 58831
102984 0.000794875 56068
100638 0.00079575 58481
101634 0.00078975 57135
102023 0.000807125 60156
99728 0.000844875 55197
106484 0.000806084 55201
104282 0.000791292 56659
105526 0.000814916 63923
102758 0.0007875 58027
101202 0.000770916 51701
99122 0.000786125 56720
104131 0.000810833 60687
107207 0.000815042 65514
100390 0.000794542 54250
102428 0.000782667 52395
102788 0.000800166 59574
112116 0.000844333 67049
107964 0.000825166 62647
103520 0.000805375 58028
96767 0.000817667 53454
103660 0.000817959 58693
101491 0.000799583 57060
106413 0.000807667 63794
111324 0.000802916 52358
100549 0.000789083 56210
102334 0.000805084 55671
103773 0.000808167 60646
101912 0.000792167 56004
113252 0.000819833 62227
104828 0.000808209 59306
114266 0.000834042 63737
104563 0.000809583 60062
103087 0.000778417 51258
102996 0.000818083 54705
113690 0.000888334 67710
101611 0.000800917 58141
100296 0.000795417 58306
111719 0.000814583 59468
106721 0.000818292 63044
100940 0.000804708 58291
101192 0.000790708 54251
102565 0.000818292 62748
104618 0.000810833 57353
109448 0.000815958 57111
105076 0.000826833 59519
103317 0.000821208 59670
107420 0.000820583 56879
107775 0.000882959 63031
103469 0.000826875 60806
101949 0.000822333 57594
104821 0.000808375 53314
110463 0.000827083 62820
110402 0.000807917 55990
108993 0.000812708 54450
110406 0.000833584 55993
100802 0.000814458 60326
106359 0.000833334 62261
103804 0.00081975 57059
120426 0.000860541 61147
108217 0.000825083 58592
102920 0.000815459 56264
106767 0.000834334 61097
108519 0.000868333 62816
101646 0.000810208 58078
121699 0.000857375 55444
106547 0.000816542 59557
105730 0.000810167 58040
101034 0.0008155 58224
103094 0.000809292 58153
104294 0.000838666 64733
106737 0.00083225 62952
108742 0.0008275 57466
108277 0.000822041 60387
124490 0.000893459 70672
107976 0.000821792 58827
108918 0.000849542 61095
109314 0.000850334 57832
114780 0.00081975 57344
108789 0.000822417 59086
105086 0.000811708 53482
109995 0.0008395 63632
108941 0.000833583 60358
108668 0.000838709 62872
108196 0.000845 54847
109714 0.000827458 56865
101785 0.000828708 58874
113944 0.000866875 67419
108189 0.000826209 60031
107691 0.000831 57580
103020 0.00082975 60375
109018 0.000873667 63358
119080 0.000887209 72399
111546 0.000826417 54755
107073 0.000822166 58311
112793 0.000870833 66130
104221 0.000804834 52364
110161 0.00084225 58401
112598 0.00084775 62321
107174 0.00083675 60947
114073 0.000848958 63416
114572 0.000833792 56079
114696 0.000840542 63119
112066 0.000844 59878
111789 0.000843167 57358
122028 0.000915542 70105
125843 0.000917167 64373
117222 0.000853542 61552
106362 0.000833708 59756
116764 0.000879 63293
112059 0.000842458 56561
103776 0.00083 59591
108275 0.000846 53690
122134 0.000905791 73432
110802 0.000872291 67411
117883 0.000859125 58662
120362 0.000885042 71899
113518 0.000852292 65772
108050 0.00085725 61690
109678 0.000886042 63838
109690 0.0008485 58666
110480 0.000868291 65233
118523 0.000878375 66991
114147 0.000834 54607
119358 0.000891583 70947
109477 0.000853833 63784
105964 0.000828791 56769
113004 0.000864875 61539
105883 0.000843459 64517
106793 0.000844291 63934
107126 0.000836083 56256
111129 0.0008415 56733
116020 0.000917833 64772
109199 0.000900625 64220
108473 0.00092375 64462
116107 0.000839917 55890
116052 0.000869834 61212
126167 0.0009275 71726
111851 0.000852917 61895
108994 0.000848666 61928
110881 0.000861542 66441
109444 0.000855541 61527
113329 0.0008565 65777
119505 0.000872791 62552
118476 0.000869166 65860
112326 0.000859625 61698
116991 0.00096575 70935
113416 0.000878417 57202
108225 0.000870541 63469
118784 0.000895667 67659
105082 0.000841292 56236
116040 0.000875584 63661
109792 0.000872583 60278
113383 0.000854333 56116
114332 0.000883084 61515
106107 0.000861042 58859
109609 0.000866334 63044
112936 0.000862583 59395
125987 0.000901625 67268
123368 0.000893708 64446
113990 0.000857708 60328
118249 0.000879083 68026
122238 0.000890292 68830
113090 0.000855125 57897
125095 0.000920833 74969
129669 0.000954125 83672
116869 0.000907208 70531
121148 0.000875125 62455
111777 0.000884666 64620
111649 0.00086275 60544
114516 0.000858333 55529
107539 0.000859542 60080
113325 0.000907666 66079
110228 0.000878042 61021
108171 0.000910083 58508
130683 0.000963958 78938
110999 0.000860166 60346
116187 0.000871958 64736
114012 0.000874084 62763
112216 0.0008655 59220
119005 0.000884 66578
110705 0.000849 56857
113700 0.000875583 62089
122709 0.000919958 75294
115308 0.00089625 70131
116680 0.000854542 60032
110769 0.000897625 56856
111771 0.000892333 66766
111680 0.000886666 65361
112162 0.000863875 60772
117166 0.000900334 68266
110091 0.000868458 59246
124337 0.000928125 73172
119839 0.00088975 61723
116049 0.000909583 67993
116934 0.000899375 65110
111809 0.000874 59267
113504 0.000884708 63823
112280 0.000876917 59174
115388 0.00092 67650
114366 0.00090425 64309
117227 0.000898166 63268
119475 0.000883666 59986
113308 0.000888916 67924
109270 0.000868833 61118
115625 0.000866541 59721
116765 0.000921208 71942
128417 0.000922042 75652
115315 0.00090125 70305
114967 0.000865375 58053
106907 0.000870709 61825
130905 0.0009115 66901
114544 0.000880416 66098
109042 0.0008565 53886
109825 0.000881125 62807
113025 0.000887125 68597
128377 0.000944333 72553
108216 0.000875791 59490
118756 0.000880708 61261
118676 0.000919541 68815
114801 0.000881167 64884
110216 0.000884292 63110
109875 0.000885916 58839
111165 0.000882083 61079
120546 0.000929333 71884
111829 0.000886166 58000
117701 0.000900542 63666
113767 0.000905417 65204
116756 0.000888875 57445
120732 0.000905166 61594
117029 0.000910583 67567
119278 0.0009235 67690
112561 0.000894541 60439
116551 0.00091975 65938
115807 0.000920333 68707
119272 0.000903 64463
130676 0.000949583 75223
113453 0.000893 65466
124288 0.000920583 67642
117676 0.000894667 63108
114552 0.000897625 57957
110308 0.000878791 59218
120148 0.000918875 62823
118447 0.000910583 68702
121030 0.000918333 69308
115758 0.000912208 69479
115013 0.000904667 62410
115063 0.000918792 65294
114478 0.000892375 61685
111876 0.000872542 59608
111672 0.000887 61285
120692 0.000881541 59740
114172 0.000902917 66461
122150 0.000947709 68589
121265 0.000977583 70104
113683 0.000915958 65558
131910 0.000965583 83812
122000 0.000931875 69369
127729 0.000916708 60003
117896 0.000915166 69576
132342 0.000954292 73930
118559 0.000895709 58602
123382 0.000948458 78801
121272 0.000929667 72161
134637 0.0009535 73140
117286 0.000914458 71780
114396 0.000956458 62826
123546 0.000950375 63005
125950 0.000997917 75756
136077 0.000954125 74715
122025 0.000926792 66832
128644 0.00091275 64338
116107 0.000944416 69089
120141 0.00092075 68093
116516 0.000936917 62221
111173 0.000890791 60966
114818 0.000900042 60988
113387 0.000886458 65812
117796 0.000910875 68238
119298 0.000966375 64956
123676 0.000988209 66577
117161 0.000949625 61923
115473 0.0009025 64827
118769 0.000905917 63109
116554 0.000918166 66461
117649 0.000967583 67001
121553 0.00098 68606
117913 0.000950958 67645
125888 0.000967833 77275
122248 0.000930959 63086
124458 0.000958833 76171
126239 0.000959084 65832
115297 0.000943083 64611
119444 0.000974625 63660
126757 0.000991959 77632
136962 0.000947375 73708
122684 0.000909625 61535
123971 0.000956209 64052
125102 0.000949083 65818
119113 0.00094125 60890
114236 0.000909209 61055
117580 0.000934333 71405
121558 0.000925083 69117
125281 0.000946833 68874
123271 0.000961167 72883
127394 0.000979167 64286
126854 0.000994916 67087
123607 0.000954834 73435
126844 0.000944625 72818
128326 0.000966 72013
120123 0.000929542 66509
122916 0.000985709 75790
117895 0.000945375 67501
120252 0.000971833 68278
125332 0.000957958 73126
119162 0.0009345 67189
129306 0.000999167 73967
119532 0.000959666 65381
119822 0.000988209 64127
116176 0.000946667 61618
120289 0.000932833 67818
128883 0.000978666 78006
120113 0.000981583 69843
134973 0.000952042 59315
120202 0.000967291 62834
120069 0.000941666 70638
128294 0.000957292 71405
126498 0.000946083 64828
124996 0.000983584 73838
122552 0.000953541 65228
120479 0.000989334 65786
125081 0.000998417 78337
117745 0.00096925 63704
130960 0.000970583 72905
122687 0.000989875 66586
120058 0.000957458 63269
117165 0.000958208 62361
130842 0.000932459 64744
122926 0.000968125 73288
118922 0.000942625 72169
120884 0.00096475 65722
118006 0.000929791 66697
125293 0.00100333 67614
123108 0.000987958 68058
114906 0.000945958 64982
123125 0.000972625 68955
128522 0.0009555 69365
121332 0.000982 67292
130510 0.000969416 74873
124873 0.000960375 68541
124542 0.000967042 73599
129296 0.00101446 79835
123754 0.000986875 67411
132869 0.000995708 67462
128101 0.00100771 74424
121016 0.00095425 69636
120033 0.000935042 63596
121813 0.000977167 66108
117053 0.000946542 62376
132240 0.000944459 62640
128986 0.000947375 66114
125370 0.000938167 65514
125165 0.000992583 71731
121364 0.00100267 67855
128090 0.00097975 65680
126380 0.000968416 62665
122839 0.00096825 68036
120418 0.000972083 58580
123242 0.000991708 72421
119532 0.000953875 68648
118588 0.0009245 64033
124056 0.000966125 70636
130635 0.000994083 68740
123510 0.000984416 69170
126049 0.00103546 71590
131641 0.00101304 76212
122093 0.000963709 69168
127240 0.00103229 75661
121859 0.000990833 68892
129087 0.000958041 67482
142576 0.00101546 72059
132125 0.000997125 71560
123724 0.000951667 64126
120724 0.000956792 61542
139260 0.00105237 82130
123727 0.000971792 62112
124590 0.0009655 66807
119930 0.000981042 65242
122104 0.000982709 68407
126493 0.000989459 75726
130014 0.000999625 73420
124999 0.000996917 72941
130118 0.000993334 71711
120436 0.00095025 62467
122758 0.00102042 71492
123966 0.000985834 64384
130169 0.00101413 80086
131385 0.00100804 76101
124093 0.00097875 69556
128584 0.0009535 71034
126321 0.00100492 69331
130120 0.000983958 62803
128529 0.000981 69413
122160 0.00095425 64316
119436 0.00102263 70209
134348 0.00104071 75797
134991 0.00105342 79895
130780 0.000980958 73534
135416 0.000999375 74660
129293 0.00097325 69849
125327 0.00100288 72317
131923 0.00103625 76374
125004 0.000962959 67247
126666 0.000974542 68471
123706 0.00100088 68981
121777 0.00100454 72786
134901 0.00102446 71582
133599 0.000987208 71914
125140 0.00099925 77545
128857 0.000964917 66473
126836 0.000985375 70282
122602 0.000986459 68044
125242 0.00095975 64151
124180 0.000963458 67411
136800 0.00103167 76585
131025 0.00103883 81437
127634 0.000994791 70023
128458 0.000999208 73083
132223 0.000998125 63224
125301 0.000987333 66845
124283 0.00100346 73743
126369 0.00100617 72558
125345 0.000973833 67046
135396 0.001018 76950
131739 0.00106579 75808
122604 0.000987833 72642
124406 0.00102475 71409
133429 0.0010115 74189
124038 0.000997 70957
126744 0.00100763 70342
124886 0.00100113 73603
119807 0.00100692 71340
136015 0.000994334 73410
128587 0.00101563 75449
124526 0.00104075 71310
125105 0.00112625 67085
133255 0.00118092 79818
126571 0.00112737 69672
126632 0.00115817 68738
143793 0.00120496 80249
125085 0.00103379 71421
126399 0.00100208 70926
129607 0.00100425 71626
121997 0.00101296 64723
122400 0.001017 65687
125232 0.00102617 74838
141231 0.00105779 86670
119960 0.00108396 73500
133872 0.00104925 65564
129136 0.00103604 70334
138326 0.00100283 70661
122084 0.000981083 68044
130956 0.00101675 68637
127392 0.00107346 77207
125685 0.00103258 68847
126897 0.0010165 70307
135877 0.000995875 69213
128613 0.00098725 67635
131396 0.00101325 74482
127530 0.00104342 70554
128721 0.00101137 75949
125369 0.000999834 71051
125792 0.00101654 69034
128660 0.00104604 72865
122733 0.00102883 70016
130330 0.000984708 66608
126239 0.000990208 70318
127400 0.00101204 62548
132208 0.00104083 70061
138287 0.00101775 76064
134964 0.00103533 80768
125231 0.00097825 64187
125289 0.00102308 67915
125107 0.00103771 69756
129161 0.00103933 70459
133706 0.00102 71595
125842 0.000996 71669
129129 0.00101442 66057
128267 0.00102046 68635
131546 0.000996667 70605
129059 0.00100888 73269
134990 0.00103346 78514
129943 0.00104296 75661
136048 0.00109971 77605
133184 0.00103025 77120
122773 0.00101063 71209
127467 0.00102392 70624
133232 0.00102088 74471
128904 0.00103863 73196
129782 0.00103375 74466
124847 0.000982458 63698
133187 0.00103354 71042
130228 0.00102196 67570
132052 0.00105142 65909
133602 0.00105208 72686
134749 0.000999125 65475
132496 0.00104087 68116
129929 0.0010515 71978
132841 0.00102108 76592
125640 0.00101167 73570
133996 0.00100687 69199
124093 0.00103033 66082
132340 0.00108796 73510
130384 0.00107062 68192
131121 0.00102596 70573
132960 0.00103312 81483
127893 0.00101979 72728
132176 0.00103408 66860
128847 0.000982708 64952
128580 0.000992333 71825
140378 0.00103725 73288
130401 0.000986417 62933
130726 0.00109879 71493
130101 0.00105708 73897
135315 0.00104808 77993
131175 0.00105583 72907
129449 0.00103729 70978
138957 0.00109017 74199
130216 0.00103342 76747
144719 0.00104892 72099
137439 0.00109829 78334
128387 0.00107671 74898
127699 0.00105129 71436
130272 0.00104612 75347
135751 0.00102496 69467
124450 0.00103154 68644
126873 0.00105671 69378
125128 0.00101025 70574
131217 0.00102471 74938
135085 0.00104575 75340
144552 0.00106967 79651
137128 0.00105821 72663
136723 0.00107571 77039
136548 0.00102358 72533
133644 0.00103979 65368
131030 0.001041 72357
124885 0.00102729 69494
139411 0.00102779 72115
155645 0.00110254 87886
138233 0.00103825 68522
130021 0.00105375 73006
129681 0.00109021 74295
128221 0.00105708 74886
131051 0.00104292 72968
139550 0.00104612 73848
145474 0.00110438 78518
142198 0.00108546 76832
139811 0.00104521 74230
142680 0.00108987 75711
138058 0.00106121 73774
133431 0.00103375 74243
132454 0.00108667 71948
136878 0.00103283 70843
143308 0.00108721 76891
135668 0.00108362 76452
128253 0.00102888 69524
143705 0.00108392 89192
129930 0.00103154 69793
134150 0.0010315 69939
138561 0.00105079 73360
137596 0.00104488 73292
137753 0.00110346 74311
142552 0.00110883 79128
127048 0.00106067 72577
144436 0.00105604 66047
138785 0.00105667 72843
140013 0.00102158 65582
141631 0.00107687 74392
136472 0.0010395 77056
135166 0.00105746 71977
136689 0.00109442 73274
131138 0.00107946 72096
131506 0.00105742 75122
141043 0.00107125 82166
140191 0.00105275 75194
136727 0.00105704 73249
139181 0.00108979 77026
139306 0.00106412 75107
142199 0.00107067 77357
135831 0.00106004 75904
130609 0.00108938 74088
135355 0.00104317 78396
133492 0.00104612 75199
135986 0.00104471 76492
134536 0.00103625 66124
130848 0.00103962 72431
134106 0.00108854 74139
139655 0.00105454 80064
135172 0.0010625 83080
154536 0.001176 97961
134706 0.00105488 73246
131475 0.00103975 75146
133915 0.00105533 78229
131504 0.00103563 69347
131859 0.0010335 74723
142924 0.00106529 78192
141764 0.00107813 85112
130912 0.00105013 77300
140057 0.00106192 77276
133941 0.0010615 72800
142831 0.00109667 85857
134634 0.00105467 75709
140514 0.00108042 83586
136701 0.00105554 72406
143769 0.00107425 75899
145516 0.00110779 86925
129134 0.00105779 75183
146461 0.00107871 78764
133272 0.00105221 73313
138465 0.00107275 72213
138925 0.00106033 77279
139961 0.00104688 74430
140569 0.00105946 74844
143368 0.00106904 81982
137625 0.00106646 78761
137065 0.00105167 74527
145290 0.00108463 77520
135426 0.0010595 71884
150739 0.001153 85489
150204 0.00111071 76323
138790 0.00106562 74862
137891 0.00104296 77325
140166 0.00106412 76845
151029 0.00109221 81523
140582 0.00109846 85229
141672 0.00112075 85332
137335 0.00108583 75247
134270 0.00103021 69787
139526 0.00109079 74813
144341 0.00106375 75263
135263 0.00104908 77705
136746 0.00108354 77246
137937 0.00105304 75724
155708 0.00112292 83991
139064 0.00107175 77408
137580 0.00106492 75860
144630 0.00108233 76529
137167 0.00106387 72456
147779 0.00113367 84629
141809 0.00110196 78041
140467 0.00106421 70911
136418 0.0010775 74093
131728 0.00106283 75297
145737 0.00108479 76711
138538 0.00105479 71274
137531 0.00110038 84457
144899 0.00112358 89253
134149 0.00111696 78610
150433 0.001066 69050
135235 0.00107021 75014
138797 0.00108121 81550
136006 0.00106283 76858
139516 0.00106954 77712
137257 0.00107371 75191
131531 0.00105321 73892
151331 0.00109404 79901
132536 0.00107763 70306
137430 0.0011165 77670
147864 0.00108779 75750
131264 0.00105371 72292
144802 0.00108075 80365
136673 0.00107996 78551
146029 0.00108238 75595
144196 0.00110275 82807
141158 0.00109029 72412
155276 0.00115442 94982
140411 0.00112346 78689
144548 0.001126 85543
143279 0.00109221 82899
147597 0.001097 76732
152079 0.00113046 85809
141039 0.00109208 76450
145792 0.00107942 76118
147068 0.00110404 80803
142277 0.00107346 75788
148865 0.00117667 78273
143739 0.00114762 82035
152046 0.00109588 75832
149215 0.00112412 86785
135167 0.00109796 80428
153833 0.00112246 83206
153252 0.00111479 82318
143994 0.00106654 73317
139750 0.00107892 79196
141257 0.00107708 75296
148985 0.00111325 69235
143003 0.00108629 79348
134182 0.00106779 70724
147156 0.00109167 81048
141502 0.00109371 83298
140455 0.001065 73000
139288 0.00108933 81005
148803 0.0011085 83951
141783 0.0011235 84610
136733 0.00113383 74213
142770 0.00108167 71675
138074 0.00108046 72177
139261 0.00109671 82058
141256 0.00112058 83027
150934 0.00112046 84451
145199 0.00110958 76121
138888 0.00108871 74264
142808 0.00111325 84674
140067 0.00110675 78743
145446 0.001146 83484
138220 0.00110483 72563
142935 0.00111979 81812
160158 0.00113242 81654
159679 0.00116108 95704
162562 0.00117096 90109
141254 0.00110937 72217
136113 0.0011055 81138
146606 0.00111063 78486
140617 0.00114571 78224
143133 0.0011235 85752
150477 0.00114 86232
150871 0.00110892 85322
142614 0.00111162 80139
136286 0.00110454 82169
146198 0.00117667 85815
146289 0.00109704 76126
165683 0.0011775 93402
145533 0.00115996 81640
141170 0.00116638 81480
152889 0.00117054 91373
151387 0.00112992 79578
142383 0.00113533 78454
145172 0.00113479 86497
155883 0.00115175 78095
146070 0.00113254 87038
144395 0.0011075 79206
156693 0.00117054 86637
142241 0.00115871 76701
141974 0.00114454 82676
140876 0.00110517 73515
145434 0.00111883 84524
145671 0.00111917 83328
145518 0.00117579 89680
146315 0.00111487 75387
148634 0.00112988 85403
142271 0.00112713 82045
141087 0.00110946 77533
145409 0.00112663 80936
161687 0.00115779 83563
141716 0.00110546 79155
141789 0.00114671 81094
140065 0.00113225 76776
143069 0.001148 79671
163695 0.00117588 95675
150036 0.00114262 80139
146179 0.00113329 73119
155055 0.00120396 85641
145733 0.00113242 82345
146651 0.00112183 81037
165952 0.00117758 85808
143649 0.00117133 85563
147532 0.00114379 75505
148331 0.00111971 82318
144370 0.001131 87058
146540 0.00116746 77672
153719 0.00116767 80712
141887 0.00110496 75995
161280 0.00120692 99842
148126 0.00113188 77046
155722 0.00115104 82458
143087 0.00114646 81276
147284 0.00113525 93942
155283 0.00115804 90413
145164 0.00117808 75424
145648 0.00128729 88932
151308 0.00138217 79284
154134 0.00127783 90625
162314 0.00120462 72009
153483 0.00137092 79497
144245 0.00124683 78276
152150 0.00134225 75621
147300 0.00126487 85003
141647 0.00138896 80278
152588 0.00122237 95272
149697 0.00115263 79820
147370 0.00119446 76974
161847 0.00121379 84979
151345 0.00114908 82672
145769 0.00113429 78807
150463 0.00116829 90433
162895 0.00128058 94192
145855 0.00120979 80864
149317 0.00115712 80921
144235 0.00115 84614
149794 0.00115567 74052
146409 0.00118 81574
141691 0.00114108 81513
145413 0.00116121 79827
147488 0.00117867 78373
153385 0.00122783 91105
143166 0.00119137 80190
149068 0.00114433 80997
148518 0.00113237 79581
149732 0.00115046 81663
144982 0.00115712 78984
145022 0.00114508 83015
158857 0.00115942 83111
155596 0.00119863 84358
177157 0.00131125 103881
143886 0.00120612 75903
153543 0.00142646 84366
156337 0.00138979 79943
146902 0.00122446 77025
138800 0.00128575 72663
149039 0.00121542 88992
151501 0.00118371 87384
156725 0.00122492 91916
143524 0.00120462 78698
148826 0.00117675 86309
153160 0.00115408 79861
160405 0.00122867 96338
162001 0.00123808 93042
155046 0.00117779 84101
153307 0.00114008 77056
153107 0.00121321 92439
153289 0.00120675 84834
152013 0.0012365 85122
151550 0.00115842 80453
147527 0.00121433 80238
145182 0.00119129 83445
157107 0.00116333 78296
161858 0.00116446 75996
151264 0.00117642 79717
167366 0.00119379 83472
155853 0.00121813 85389
143008 0.00119137 77863
153161 0.00117775 87462
156863 0.00117879 83869
154205 0.00123696 91131
155097 0.00115546 80237
148160 0.00116588 84672
150669 0.00117483 77798
161613 0.00121621 83350
153200 0.00123925 86219
147326 0.00120996 79432
149180 0.00119779 76826
143660 0.00117992 79998
156421 0.00121421 93591
149990 0.00114408 77427
149257 0.00116342 79782
154091 0.00120371 91149
154253 0.00119933 85051
146757 0.001228 84695
148999 0.00119925 79275
147829 0.00120846 86468
167238 0.00123638 80979
152857 0.00120379 80054
150991 0.00119642 89870
147324 0.00119079 85071
143256 0.00116567 75240
160400 0.00119992 90541
158110 0.00123229 86527
152431 0.00115708 85249
162800 0.00118567 79439
159606 0.00123262 92367
148960 0.00122317 87245
155466 0.00120533 89254
159338 0.00118521 82050
149161 0.00121421 84108
144577 0.00122304 84307
168828 0.00122313 94050
156487 0.00121425 94498
154332 0.00118104 80369
152518 0.00115458 77761
146092 0.00119479 81076
161205 0.00118717 78057
145804 0.00116387 80876
156318 0.00119033 85534
160985 0.00123796 90820
163518 0.00120329 78658
162389 0.00119008 86937
162992 0.00121546 94155
152564 0.00117325 83264
156286 0.00117754 82600
152357 0.00121617 90595
145961 0.00115883 79538
154727 0.001202 91884
154988 0.00120004 91353
151652 0.00119188 83241
157169 0.00120383 93986
149724 0.00119654 87860
146708 0.00117479 82942
163888 0.00122446 92963
154319 0.00118433 80462
164911 0.00122871 93092
148863 0.00117421 82599
151907 0.00121167 86095
155989 0.00117629 76228
155192 0.00118783 87599
160389 0.00115754 80113
173354 0.00125496 104790
150654 0.00116408 80366
150524 0.00117721 79335
146135 0.00115233 78837
155891 0.001152 77842
156435 0.0012075 92836
149445 0.00117575 84350
148240 0.00118471 85477
