2931 0.000133791 2645
2803 0.000118875 2589
2930 0.000119583 2780
2678 8.85e-05 2483
2701 8.9541e-05 2500
2833 9.1166e-05 2682
2864 9.1625e-05 2617
3072 0.000101125 2954
3005 9.4542e-05 2742
3131 0.000101667 2958
2420 8.1667e-05 2251
3010 9.9417e-05 2852
2875 9.0125e-05 2706
3107 0.000102917 2957
2648 8.8292e-05 2508
2882 9.4208e-05 2695
2772 8.9834e-05 2617
2901 9.4625e-05 2782
2789 9.0167e-05 2642
2180 7.1708e-05 2009
2828 9.2958e-05 2712
2635 8.675e-05 2457
2666 8.5791e-05 2459
2556 8.0666e-05 2285
2657 8.55e-05 2405
2349 7.7583e-05 2178
3193 0.000103416 3103
2668 8.6208e-05 2517
2893 9.2292e-05 2766
2793 9.1875e-05 2657
7364 0.000225375 6730
7895 0.000243583 7204
7262 0.000226833 6670
7913 0.000239584 7261
7491 0.000261542 6906
6852 0.000211583 6121
7920 0.000246125 7433
7770 0.000235708 7192
7510 0.000231584 6940
7952 0.000275833 7472
7360 0.000225125 6688
7548 0.000234125 6912
7567 0.000231125 6945
8024 0.000245125 7352
8393 0.000260041 7982
7860 0.000253375 7565
6802 0.000211583 6297
6756 0.000213292 6210
8216 0.000248875 7494
7694 0.000235916 7073
7606 0.000259458 7009
7459 0.000232375 6827
7017 0.000218583 6456
7477 0.000190709 6950
8010 0.000203708 7372
6354 0.000166958 5875
7336 0.000183084 6634
7145 0.000182 6542
6896 0.000178416 6358
7683 0.000196833 7042
14307 0.000357542 13182
14388 0.00035775 13188
14045 0.000351792 13074
12956 0.000322542 11852
13292 0.000336291 12308
14326 0.000357458 13155
14270 0.000357209 13176
14718 0.000371625 13537
13120 0.000329542 11987
13642 0.000340375 12647
12686 0.0003205 11609
13748 0.00034625 12711
14897 0.000373084 13668
12996 0.000325791 11980
13932 0.00035075 12795
12965 0.000325625 11850
14251 0.000359 13449
14417 0.000364125 13646
14445 0.0003575 13499
12729 0.000323417 11835
13343 0.000330458 12238
13173 0.000333667 12276
13890 0.000341208 12658
13752 0.00034375 12714
12756 0.000311125 11620
13679 0.00029825 12933
13960 0.000298917 12669
14358 0.000302959 13229
13915 0.000299208 13075
13483 0.000289791 12440
17747 0.000382959 16110
19932 0.0004235 18287
19637 0.000414791 17971
20337 0.000428458 18726
20071 0.000426 18472
20967 0.000442625 19072
18719 0.000397583 17036
19057 0.000407125 17499
20732 0.000439459 19139
19075 0.000402917 17310
20090 0.000432333 18541
18961 0.000404708 17264
19460 0.000409417 17585
19505 0.000416125 17826
19151 0.000403708 17510
18614 0.000393583 16986
18139 0.000392208 16630
20479 0.00037725 18906
19521 0.000360625 17921
18417 0.000339291 16617
21167 0.000384 19269
19485 0.000362375 18173
18127 0.000333125 16400
19518 0.000357042 17867
19054 0.000351375 17440
19620 0.000365583 17973
19510 0.000364542 17941
19165 0.000355375 17758
19088 0.000357875 17364
19381 0.000358417 17888
25011 0.000464083 23028
25337 0.000467916 23208
26098 0.000484375 23929
26989 0.000531959 24931
25417 0.000478542 23476
26473 0.000489125 24333
24659 0.000452541 22272
26364 0.000488458 24052
28109 0.000493667 26292
25433 0.000412458 23321
27269 0.000440416 25369
25492 0.0004125 23265
25929 0.000420833 23722
24479 0.000401083 22341
28330 0.000457125 26012
26140 0.000422166 23720
27659 0.000450583 26186
24696 0.000401708 22539
26048 0.000421042 23921
25168 0.000411333 23381
25609 0.000417666 23503
24765 0.000404416 22619
28379 0.0004565 25904
27932 0.000447541 25823
28357 0.000458083 26096
28747 0.000466667 27185
25873 0.00041875 23746
27549 0.000447208 25422
26017 0.000421333 24044
27644 0.000419708 25289
35033 0.000506875 32089
33627 0.000490166 31355
35493 0.000509042 32420
34722 0.000499417 31935
36554 0.000526583 33532
35251 0.000505917 32264
34567 0.000504417 31663
33657 0.000483458 30755
33078 0.000476875 30121
35689 0.000512958 32473
33916 0.000488917 31192
34393 0.0004915 31638
33290 0.0004915 30821
34373 0.000479584 31590
34831 0.000460625 31996
34436 0.000472584 31406
35497 0.000466458 32346
33968 0.000449292 31241
32278 0.00042875 29607
34751 0.000459209 31950
33806 0.000448084 31172
33819 0.000463 31231
33566 0.000455709 30610
35033 0.000480875 32028
33122 0.000440542 30279
36618 0.000481458 33628
34352 0.000451167 31194
33123 0.000436792 30189
36470 0.000473917 33444
32871 0.000400125 30186
41713 0.000506416 38856
39973 0.000486083 36578
42559 0.000513625 38770
41754 0.000507667 38171
42391 0.000511125 39287
41657 0.000508458 38354
40190 0.00048925 36813
42933 0.000519542 39695
40306 0.000487084 36840
40567 0.000495541 36977
42528 0.000515417 39170
42946 0.000516083 39251
39428 0.00048625 35648
42155 0.000477541 38852
40080 0.000455 36637
40940 0.0004615 37278
40537 0.000484375 37267
41904 0.000483 38685
40435 0.0004685 36938
41349 0.000502917 38078
41542 0.000469666 38033
42124 0.000479333 38327
41538 0.000469625 38373
43114 0.00048875 39291
39972 0.000451666 36590
41117 0.000466833 37491
42548 0.000483375 39393
42931 0.000487792 39850
41474 0.00046725 38531
41083 0.000467041 37772
48013 0.000542041 43545
50590 0.000536459 46886
50767 0.0005305 45864
49285 0.000516 45406
49115 0.0005175 44274
50788 0.00053925 47259
46437 0.000487167 42834
50346 0.000525917 46151
48788 0.000512459 44624
49838 0.000520083 45120
46739 0.00048925 42679
48261 0.000504542 43702
48073 0.000502125 43560
51140 0.000532834 46327
48778 0.000511917 44430
49962 0.000524834 46040
48623 0.000522833 44299
48294 0.000504791 44206
49301 0.000512042 44886
46621 0.000525875 42586
46404 0.0004865 42286
46898 0.000487125 42302
47406 0.000497083 43147
45902 0.000480916 41671
48562 0.000507708 43807
46251 0.000480833 41888
47450 0.000475125 42813
47831 0.0004895 43920
45447 0.000457583 41142
49625 0.000505375 45851
55267 0.000555584 50535
57106 0.0005775 51982
58783 0.000593458 53505
59180 0.000599333 54750
56518 0.000574667 51695
56776 0.000577458 52359
60655 0.000599584 55335
57079 0.000568125 52646
56077 0.000558583 51315
56697 0.000560667 51870
56855 0.000569375 51975
58295 0.0005755 53612
54442 0.000547834 49845
56915 0.000568167 52766
55420 0.000549959 50341
56587 0.000559666 51439
56046 0.0005955 51281
58152 0.000618958 52943
58025 0.000573667 53822
58565 0.000573125 53197
53538 0.000527333 49034
56999 0.00055975 52173
54350 0.000527833 49655
58867 0.000571833 54173
53254 0.000520125 48155
59248 0.000578 54294
53955 0.000532542 49162
60546 0.000592583 55399
56503 0.000550833 52080
59559 0.000580667 54287
62484 0.00060925 56988
66242 0.000645125 60232
67690 0.000668209 62807
65012 0.000631833 59949
62272 0.000609917 56526
65246 0.000638166 60472
67320 0.000649208 62002
65016 0.000633958 59216
62735 0.000609791 57217
63048 0.0006125 57231
62925 0.000615167 57361
66952 0.0006745 61738
65065 0.000643625 59676
66353 0.000703917 61193
62913 0.0006165 57578
63562 0.000630916 58904
67347 0.000655167 61104
63412 0.000623 58971
66994 0.00065425 60996
61123 0.000601834 56320
64078 0.00062825 58764
62714 0.000618375 57924
62517 0.000614208 57735
61691 0.000611542 56394
65617 0.000643209 60298
63506 0.000616167 57854
64952 0.00063625 59869
65918 0.000645958 60183
63275 0.000616375 57933
64399 0.000648708 58661
76476 0.000744916 69701
69693 0.000675416 63529
77103 0.000749166 69971
70024 0.000679083 63629
73598 0.000726375 66695
75382 0.000770042 70012
70075 0.000744417 63804
67941 0.000695708 61384
73008 0.000747542 67974
70304 0.000740208 64233
72559 0.000742666 66247
76216 0.000764833 69162
71775 0.000728292 65252
73563 0.000742209 67223
74868 0.00076525 67891
72565 0.0007305 66964
72950 0.000734917 67008
77347 0.000778166 71310
73697 0.000743584 67204
72451 0.000723542 65705
73426 0.000735334 66935
73140 0.000736959 66829
72881 0.000733958 67102
71354 0.000724125 64962
77225 0.000783083 71175
74144 0.000767416 68682
71455 0.000830375 65390
69401 0.000728167 63315
72594 0.000746958 65923
75673 0.000758542 68815
84642 0.000850709 78183
82961 0.000830959 75937
82168 0.000831083 76051
83937 0.00084275 76934
79499 0.000793 72079
83126 0.000835708 75871
84254 0.000843292 78015
81762 0.000822959 74399
79986 0.000801792 72468
84716 0.00085625 78751
79503 0.0007975 72647
82587 0.000830125 76532
83879 0.00085 77310
81556 0.000835166 74501
81376 0.000823125 73791
86846 0.000879166 80501
79761 0.000799708 72809
80338 0.000808458 72655
76187 0.000776542 69669
80113 0.000803208 73152
79539 0.000798416 72162
83356 0.000835792 77052
82556 0.000833333 75739
86154 0.000859292 79475
78102 0.000788833 71184
80999 0.0008265 74421
83778 0.000837167 76426
81865 0.000818583 74879
85965 0.000862167 79804
85004 0.000860792 77429
94490 0.000915792 85527
93795 0.000937459 85235
93817 0.000909208 84991
84591 0.000822416 76585
93395 0.000900167 85439
95141 0.000921292 88379
93630 0.000904542 85930
86385 0.000837666 77951
93221 0.000903417 85741
89949 0.000879084 82495
90428 0.000875542 82619
88634 0.000860459 81198
92899 0.000922834 85034
93755 0.000905083 86401
88563 0.000859333 80249
85646 0.000833667 78245
89494 0.000863917 81576
91615 0.000886292 84130
88522 0.000868083 80189
87455 0.000853041 80850
95547 0.000926166 88166
91998 0.000881 83244
92833 0.00089325 83900
91506 0.000886333 83589
92215 0.0008905 84256
90179 0.00087025 81972
91183 0.000887541 83234
88825 0.00086425 81063
96150 0.000931625 87739
96141 0.000932375 87845
101349 0.000974333 92171
99461 0.000966459 91146
99355 0.000970375 91490
99445 0.000964709 91130
99417 0.000959708 91499
98021 0.000995417 89439
99299 0.00100992 90347
100808 0.000985542 92150
101944 0.000984042 92669
99454 0.000958208 90752
98921 0.000956625 90862
98701 0.000952792 90222
98348 0.000957625 89815
97035 0.000940833 89152
92142 0.000893041 83559
94883 0.000917333 86462
98967 0.00096175 90720
100020 0.000967834 91298
96050 0.000928083 88045
96335 0.000934041 87077
96393 0.000957125 88180
100207 0.00104887 92508
99806 0.000975834 91904
99516 0.00100342 91704
96643 0.000957541 88063
94331 0.000915792 86373
97067 0.000941625 88972
93909 0.000913459 85023
99316 0.000957375 90030
96603 0.000938417 87523
109319 0.00105592 100050
103706 0.00100362 94463
100842 0.000979167 92122
101242 0.000983208 91928
110165 0.00105833 101559
105048 0.001018 95254
109780 0.00106421 100041
113113 0.00115367 103027
101736 0.000997833 92253
109603 0.00105437 100518
110570 0.00105883 99969
101982 0.000993625 92760
104941 0.00101996 96383
103351 0.000997667 93980
111977 0.001099 101938
102082 0.000993791 92875
100860 0.000977292 90480
108770 0.00105062 98759
107482 0.00104321 98400
111288 0.00107154 101035
108138 0.00107804 99368
106975 0.00105488 96820
105003 0.00101867 95424
113191 0.001124 103094
105271 0.00102104 97028
103595 0.00100725 94313
105845 0.00102242 96785
104633 0.00101633 95538
98905 0.000965292 89694
107130 0.00103046 97341
118030 0.00115433 108071
114567 0.00110612 104613
110997 0.00107125 100371
114095 0.00109867 103655
117365 0.00113471 106602
119298 0.00122167 107681
115901 0.00112921 104941
109650 0.00105542 98957
116771 0.00112658 107014
118240 0.00114212 107493
115879 0.00112308 105242
121451 0.00117521 112483
113483 0.00109521 102987
110195 0.00107183 99980
119979 0.00115871 109058
117395 0.00113029 107144
111061 0.00106667 100355
115127 0.00113742 105257
112193 0.00108037 101505
114304 0.001103 104035
115025 0.00116925 104002
111703 0.00108029 101772
115081 0.00112421 104229
118455 0.00114071 107335
116309 0.00112367 106799
112999 0.00108467 102754
113094 0.00109417 103255
120653 0.00115788 109171
113703 0.00110158 103113
120581 0.00116008 109453
120526 0.00116812 110472
127365 0.0012225 115525
129293 0.00125267 119444
122936 0.00122946 112365
122795 0.00121988 111250
127804 0.00123212 115880
123247 0.00119725 112790
117633 0.00113571 106285
126516 0.001237 115248
128780 0.00131775 117414
127613 0.00129462 117305
128003 0.001293 116952
128353 0.00131258 116192
124848 0.0012465 113947
129972 0.00128067 118113
125536 0.00121863 115054
126785 0.00127671 116584
123150 0.001231 112581
124952 0.00126246 113055
120737 0.00122304 109669
124681 0.00120208 112734
123593 0.00118817 113294
121708 0.00116946 110880
132667 0.00127392 120723
124794 0.00122175 114429
127114 0.00123029 116700
124524 0.00120338 113436
124857 0.00121775 115044
133018 0.00135358 120985
123210 0.00126717 112087
139474 0.00136912 126594
136040 0.00130546 123197
139313 0.00135263 127649
133791 0.00128879 121263
131882 0.00127458 120073
134137 0.00129858 121705
131707 0.00127171 120415
139919 0.00134596 128596
133990 0.00128233 121510
138613 0.00136254 126409
138193 0.00140246 125627
139614 0.00135667 126629
132134 0.00127633 119850
134074 0.00130038 123300
133528 0.00127646 121322
132690 0.00128321 121071
131313 0.00127367 120231
129005 0.00124471 117256
129871 0.00125588 117512
127069 0.00123292 115629
130553 0.00126321 118706
129609 0.00126413 117880
136932 0.00136413 123847
140365 0.00138475 128024
137634 0.00132679 125149
129218 0.00125238 117641
137495 0.00137821 125922
133533 0.00133463 122609
134367 0.00134521 123438
129265 0.00129188 117152
149963 0.00149242 136051
148886 0.00148542 135312
138042 0.00137683 125269
137432 0.00138937 125422
141753 0.00149054 128851
145842 0.00150946 134545
145049 0.00140579 131889
139644 0.00134904 126310
147160 0.00141721 133535
145828 0.00140438 131906
141326 0.00136058 128757
135818 0.00132379 123630
146061 0.00140967 132052
143612 0.00138729 130285
141391 0.00139296 128200
143659 0.00145146 131415
147823 0.00151604 135328
144046 0.00148733 131387
135715 0.00136146 123378
149920 0.00148258 138184
141400 0.00136429 129253
142759 0.00136688 128755
143818 0.00139025 132213
140026 0.00134204 127007
142745 0.00138367 129890
139126 0.00136104 126120
144520 0.00143929 132504
146020 0.00144217 132945
140257 0.00137262 127261
140477 0.00136104 127569
152648 0.00147096 139274
159421 0.00153154 145599
153483 0.00147579 139950
156841 0.00151442 144271
151069 0.00145737 136906
148577 0.00143996 135157
147740 0.00150292 134338
156127 0.00153954 141527
156273 0.00150179 141538
151272 0.00145879 137658
154640 0.00149975 141273
159418 0.00153117 144983
151161 0.00146008 137284
153643 0.00149837 141507
151289 0.00145517 138015
155764 0.00149492 142124
149947 0.00145179 135873
151232 0.00150525 137459
153178 0.00154925 139446
151081 0.00146525 137619
150798 0.00145029 137168
150050 0.001443 136222
147432 0.00142229 133673
153148 0.00147996 139866
150533 0.00145787 137337
156666 0.00151767 143742
151156 0.001476 137459
150680 0.00148204 136111
151930 0.0014915 138063
159714 0.00155971 145449
168770 0.00162146 153435
168452 0.00161854 153214
159270 0.00152979 144673
165881 0.00159242 152775
156183 0.00150508 141332
168128 0.00161917 153059
160769 0.00154163 145751
158630 0.00158129 144501
168425 0.00164704 153421
163532 0.00157208 149110
167474 0.0016035 151504
164367 0.00158371 149654
159208 0.00155008 144953
162534 0.00156483 149385
162773 0.00156825 147570
160925 0.00154633 146247
157988 0.001538 144213
167021 0.00164338 151878
170773 0.00167175 158037
160950 0.00154479 145862
169139 0.00161683 155411
162732 0.00156558 149028
164903 0.00158992 149971
158718 0.00153442 144217
161958 0.00155963 148160
162966 0.00156429 147814
166687 0.00160675 153146
163908 0.00162267 149493
162506 0.00156354 147685
165442 0.00158479 151725
178981 0.00171625 162508
172851 0.00165821 158764
167254 0.00161292 152673
181965 0.00175517 167027
175388 0.00168246 159429
173514 0.00168521 158220
182614 0.00178671 166128
177597 0.00171092 163700
169706 0.00163908 154960
178817 0.00172558 162641
177920 0.00170571 161324
179920 0.00172479 163668
179249 0.00171846 163262
173440 0.00166579 158318
173574 0.00170958 158258
165462 0.001601 150016
179179 0.00172967 165513
174083 0.00167254 158641
170010 0.00164621 156095
178278 0.0017125 162132
169654 0.00163004 154232
173406 0.00167088 157199
178499 0.00171908 164173
169128 0.00169129 154090
169652 0.00165408 154087
171937 0.001658 156152
173593 0.00167021 157884
178575 0.00172725 161885
177095 0.00170158 163476
169878 0.00164183 154650
182585 0.00175654 167126
185492 0.00177892 169379
190242 0.00182983 172000
183548 0.00179208 169127
181739 0.00182187 164652
179583 0.00173237 163514
180534 0.00173717 163777
186106 0.00178492 169921
179989 0.00173275 163293
186539 0.00179292 170572
184018 0.00179821 169456
184277 0.00186425 168046
183794 0.00176583 167111
191797 0.00183142 174351
177036 0.00170912 162282
190707 0.00182963 174671
180940 0.00173575 163723
183791 0.00175942 167068
179645 0.001723 163299
179966 0.00180387 164098
179227 0.00176042 164129
182441 0.00175162 166238
182223 0.00175217 167087
187825 0.00179638 170120
189092 0.00181425 173016
189187 0.00181575 174269
177817 0.00171104 162281
188572 0.00183046 171176
185462 0.00185883 169748
180493 0.00173229 165360
190770 0.00181921 173099
191179 0.001832 173772
190055 0.00182796 172633
192355 0.00184037 175143
198594 0.00190617 181524
192084 0.00183921 175301
190856 0.00188567 174077
194881 0.00188329 177721
190197 0.00181733 174050
182051 0.00174337 164441
186809 0.00179396 169200
202545 0.00193083 183503
189896 0.00181604 172195
190647 0.00182471 174836
186542 0.00183833 169516
195101 0.00189729 178734
180156 0.00172808 163028
199903 0.00191167 181348
185946 0.00178558 169686
194935 0.00186196 177112
189726 0.00181804 172858
194431 0.00186571 176557
196305 0.00188442 180680
194301 0.001935 177665
194605 0.00186242 178775
196953 0.00188513 179067
202641 0.00193996 184468
183061 0.00175442 166833
191325 0.00188838 175406
187722 0.00179304 170627
195893 0.00189013 177785
205336 0.00204012 188334
197309 0.00190237 179948
209714 0.00201246 191785
202894 0.00194721 185802
212213 0.00203629 195331
206826 0.00198125 187559
200774 0.00192187 183508
208316 0.00202979 192644
189765 0.00183979 171838
209723 0.00200633 191217
208383 0.00198771 187326
199877 0.00192413 183085
202753 0.0019415 185447
195755 0.00188358 177930
207491 0.00198058 190027
199829 0.00196279 181799
206132 0.00197517 186711
206713 0.00198075 189450
195373 0.00187462 177474
205579 0.00198333 187505
206979 0.00198937 190142
199636 0.00191446 181147
204074 0.00195108 185004
208240 0.00203712 190311
196424 0.00194637 177512
211536 0.00202896 194375
202612 0.00193987 183886
210585 0.00201038 192303
204934 0.00196308 188799
211667 0.002033 191928
200574 0.00191829 181132
213830 0.00211588 194181
215649 0.00207046 197116
209032 0.001999 191102
217052 0.00208271 197538
201616 0.00194 182876
208268 0.00200521 189836
207371 0.00199704 189923
208673 0.00201071 189455
201207 0.00198096 181220
216916 0.00207904 199216
205711 0.00196454 186811
217338 0.00207896 196227
219164 0.00209854 197583
217948 0.00208542 197815
220122 0.00211296 201536
204104 0.00201479 184834
216248 0.00207579 198045
210699 0.0020055 191810
217096 0.00207129 195944
207853 0.00200088 188304
207144 0.00199713 189027
209867 0.00201296 190414
208894 0.00200021 189411
219231 0.00215696 198055
205707 0.00197438 186415
206671 0.00197471 187894
205278 0.0019735 186875
201967 0.00193425 183283
214996 0.00206308 194889
224106 0.00213562 204575
215696 0.00212212 196460
219698 0.00215208 198155
221167 0.00211692 200609
217427 0.00208625 197262
218642 0.002099 199998
229160 0.00218417 207884
222771 0.00212942 202130
224150 0.00217708 204196
218237 0.00217567 198756
225678 0.00215521 204617
222453 0.00213767 204061
223843 0.00214883 204375
215963 0.00207179 197370
222599 0.00213058 202740
216438 0.002068 195153
223991 0.00218771 202437
214992 0.00206163 193802
215654 0.00205813 194998
214722 0.00206012 195092
217179 0.00207954 198231
212811 0.00203171 192450
234104 0.00225063 215909
224731 0.00224221 206175
216600 0.00206867 195969
211307 0.00201658 189951
223023 0.00214888 204191
222124 0.00215975 201841
219429 0.00210167 199631
234936 0.00224392 213925
231394 0.002248 209393
220083 0.00214083 199807
231552 0.00220392 210517
242047 0.00232296 220424
228333 0.00218058 207097
223011 0.002141 201619
225235 0.00215921 205714
236787 0.00232871 214280
229755 0.00223096 210308
230795 0.0022145 210828
232050 0.00222421 212710
231156 0.00220792 209794
224526 0.00215067 203877
240615 0.00230846 220536
234334 0.00229188 213552
231457 0.00221662 209134
228326 0.00234967 206677
223730 0.00220692 203767
223067 0.00214175 202708
237882 0.00226583 217625
236679 0.00226375 214611
226337 0.00222662 205248
226439 0.00219058 204019
229979 0.00219563 209136
227663 0.00219442 205829
225427 0.00216783 204471
224720 0.00215663 204218
233833 0.00225642 211723
231881 0.00225542 210603
238455 0.00232121 217481
250786 0.00238704 226675
237820 0.00227325 216430
243047 0.00230833 218949
233041 0.00223554 210267
235297 0.00224925 212802
239323 0.00237529 217532
247941 0.00236742 226510
235716 0.00225233 214026
247557 0.00238246 228265
232758 0.00222633 211203
249418 0.00237758 226587
239126 0.00233333 217735
239942 0.00228725 220391
230987 0.00221229 209785
234842 0.00223879 213838
242431 0.002318 220862
241439 0.00230496 219393
240662 0.00229571 220167
236427 0.00230142 215999
235834 0.0023185 213879
237317 0.00226538 214916
242525 0.00233363 221940
250573 0.0023895 227342
243066 0.00231571 221878
252731 0.00241567 228951
233747 0.00232058 211841
243028 0.00233042 221988
235686 0.00225288 214633
246800 0.00236429 225341
260028 0.00249571 239778
245450 0.002344 222032
251422 0.00246404 228129
250928 0.00244225 229897
259179 0.00247771 235137
262335 0.002504 237396
257679 0.00247292 233766
250399 0.00240233 230430
239439 0.00228683 216864
250625 0.00245892 227775
260109 0.00247963 238821
242089 0.00232104 220353
238774 0.00228646 217176
241989 0.00230846 219774
257290 0.00246262 234314
250099 0.00244842 226690
245232 0.00237988 222047
251288 0.00242612 228051
244713 0.00234683 222094
238755 0.00229675 216223
257295 0.00246387 235929
245369 0.00234554 223442
253634 0.00249642 233148
242215 0.00232088 218114
242451 0.00233892 219860
238279 0.00228188 215863
244139 0.00232321 221446
244379 0.00234492 221721
243983 0.00236854 221574
238651 0.00228317 215963
243935 0.00233554 220126
268624 0.00256208 242941
248780 0.00240513 225231
266157 0.0025255 241245
252564 0.0024335 229115
269249 0.00265587 244877
265999 0.00253287 240161
254233 0.00244054 234096
250011 0.00239496 226900
264418 0.00252688 239620
249930 0.00240904 227310
261405 0.00255421 236178
258458 0.00249725 234646
260681 0.00248096 235918
266361 0.00254454 242039
268512 0.00258262 247080
261575 0.00248838 236487
258021 0.00250587 233850
255339 0.002476 231366
267342 0.00253833 242109
265327 0.00253192 240295
260064 0.0024735 235963
257024 0.00246146 234348
252759 0.00245246 228360
258603 0.00247158 234429
263490 0.00251008 239448
270017 0.00257117 244899
267783 0.00255067 242763
260779 0.00248908 237200
259403 0.00247971 234963
272867 0.00264546 246431
271741 0.00259008 248697
268663 0.00257525 244039
272218 0.00259854 247338
265097 0.00252658 239584
265764 0.00252908 241572
272175 0.00271029 246576
268669 0.00255217 243462
270428 0.00257167 244809
265393 0.00252954 241247
280325 0.00267683 257541
263349 0.00253304 239924
280718 0.00278229 253558
282365 0.00268858 255632
275128 0.00262496 250290
265131 0.00252913 241050
270904 0.00257971 245480
281390 0.0026915 255202
274292 0.00267646 249488
269013 0.00257296 243986
276067 0.00264546 253764
277934 0.00266687 256222
279139 0.00265383 254683
273213 0.00262588 250769
273002 0.00264829 249472
260663 0.00248517 235759
283004 0.00270642 256774
261061 0.00249192 235946
260113 0.00248458 235667
273564 0.002629 249040
287638 0.00280063 263128
280348 0.00267937 253641
289390 0.00278363 265311
283680 0.00271246 257259
269116 0.00257175 242939
284682 0.00276633 259484
284664 0.0027525 260056
290485 0.00278058 263541
281203 0.00269867 256927
283774 0.00271496 258798
292449 0.00280037 265301
274893 0.00270158 249663
280436 0.00266504 254412
296534 0.00282925 268979
268709 0.0025585 243017
276794 0.00264292 252038
278706 0.0026575 254302
268654 0.00264667 242769
282452 0.00270004 256328
275459 0.00261629 248557
280837 0.00267267 255623
278214 0.00265042 253667
283801 0.00271925 257157
284816 0.00278729 261321
289199 0.00275404 261878
275812 0.00263625 251354
268463 0.002579 242467
279917 0.00267246 256032
281173 0.00271354 257713
276413 0.00263637 251792
299375 0.00284529 270385
294871 0.00281788 270189
298460 0.00283671 274800
285701 0.00272612 260390
296680 0.0028695 268207
295042 0.00284358 268270
289914 0.00277342 265388
279127 0.00271433 253476
301374 0.00288242 273309
286883 0.00274375 261105
301479 0.00295904 271858
283654 0.00274904 256744
280612 0.00267712 254101
277829 0.00264663 250829
287419 0.00276921 261504
283697 0.00273704 258063
281597 0.00277908 255457
282920 0.00270404 256463
293342 0.00279729 267275
286450 0.00272971 259744
295163 0.00282271 271154
289900 0.00281633 262257
281196 0.00268704 254430
283256 0.00269721 256577
297034 0.00284633 268115
296727 0.00283179 268782
286998 0.002749 261366
300726 0.00305067 275507
290740 0.00279788 263482
300583 0.00287392 274120
302317 0.00288183 273832
307350 0.00293387 280485
294986 0.00290854 268237
308924 0.002984 280208
304577 0.0028985 276024
304324 0.00289992 278202
294441 0.00283517 267944
297835 0.00283712 269408
300670 0.00293588 272345
298221 0.0028405 271271
290635 0.00277612 263063
308446 0.00295429 278411
307668 0.00293379 282641
295355 0.00292996 267498
295186 0.00281375 267417
298444 0.00286183 272776
309884 0.00295588 280880
300996 0.00286537 271797
315089 0.00304483 286276
298924 0.00287979 273286
308594 0.00294654 283811
308684 0.00295642 284416
302274 0.00288229 276723
294224 0.00280654 266521
287973 0.00280879 262278
300452 0.00287383 275325
309072 0.0029575 280768
296332 0.002853 269786
294588 0.00281229 267030
311588 0.00302954 281903
309204 0.0029925 280803
310653 0.00296313 282189
309975 0.00297925 280977
325287 0.00310342 298948
308989 0.00297583 279565
310138 0.00297304 283890
306624 0.00293783 278556
299807 0.00286471 272643
318447 0.00304479 291134
316576 0.003011 288634
313608 0.00303846 283734
299583 0.00287008 271806
308980 0.00294867 282138
313566 0.00298188 285947
301776 0.00288338 273903
314987 0.00308175 286199
302591 0.00289371 274564
331431 0.00317354 300759
315182 0.00301079 285354
321185 0.00306146 293224
307808 0.00296058 279179
307492 0.00299233 279602
312532 0.00297954 283656
320868 0.00305983 294748
317005 0.00301129 286571
294798 0.00281325 266415
304700 0.00297179 275968
319410 0.00303913 291747
312398 0.00297363 284436
298560 0.00285038 270898
333753 0.00317271 303142
317187 0.00313217 287995
330696 0.00315508 302603
323003 0.00307854 294123
328250 0.00313171 299371
317481 0.00302483 289022
326279 0.00320771 299571
317263 0.0030515 287134
312265 0.00298779 285330
333602 0.0031695 302620
318254 0.00303767 291014
319989 0.00312875 289874
313956 0.002989 285113
324627 0.00309525 297179
327880 0.00314108 301437
321728 0.00305458 291525
313708 0.0030235 284448
324824 0.00311742 295826
328755 0.00313567 298115
322150 0.00308142 294896
331864 0.00314617 300484
317741 0.00307054 289049
325034 0.00309808 296471
318139 0.00302937 287348
318781 0.00305962 291109
331860 0.00316004 302222
326587 0.00314371 297708
315737 0.00305492 286806
325320 0.00311867 297029
326798 0.00311317 296046
322469 0.00308004 292273
311841 0.00302971 283196
334482 0.00318392 303748
344791 0.00329037 316496
336821 0.00321792 306242
334289 0.0031805 303192
337304 0.00325733 306014
338504 0.00325658 308769
327493 0.00311592 296576
335592 0.00320875 308255
332216 0.00322 305077
339384 0.00323413 307584
329892 0.00317783 298211
325981 0.00312054 295863
349021 0.00332692 319997
338796 0.00322904 309532
333147 0.00325079 305486
338447 0.00324346 308167
336530 0.00320321 305106
326797 0.00311492 294759
331883 0.00316125 301675
329912 0.00319825 299078
336616 0.00323171 307267
329372 0.00314263 299304
341214 0.00323979 309464
337684 0.00322392 309776
340415 0.00326929 310671
348656 0.00332146 315893
334786 0.00319133 303800
331694 0.00316237 301776
338795 0.00323217 307486
337760 0.00327925 306916
328056 0.00314304 297803
352430 0.00336038 321686
337262 0.00323142 307113
341785 0.00327117 310885
341417 0.00333792 309841
357023 0.00339971 323346
354141 0.00337075 321932
355110 0.00338429 321060
335788 0.00323625 304447
354587 0.00348133 321897
338595 0.00326096 308274
361639 0.00344238 327961
342460 0.00325658 311453
338862 0.00327871 309324
356082 0.00341517 326571
340846 0.00325317 312393
349872 0.00333275 320734
343572 0.00327904 313092
338945 0.00330462 307412
353771 0.00336067 320933
346669 0.00330792 316958
344773 0.00329571 314850
348964 0.00335142 319625
335384 0.00324054 304439
341827 0.00325771 311409
350650 0.00349504 317940
345512 0.00333496 313602
353505 0.00336179 322877
353313 0.00348608 322401
365986 0.00348608 333008
367301 0.00349454 332839
355839 0.00340642 325527
341686 0.00335421 310242
348362 0.00333492 316530
349175 0.00334054 318134
351608 0.00333529 317502
342227 0.00326258 311675
362503 0.00351088 331350
363046 0.00344392 329538
352660 0.00337021 323170
352064 0.00336596 320581
334605 0.00322967 305228
346739 0.00330283 315049
338504 0.00323275 306884
365321 0.00347212 331664
370500 0.00352637 341361
345077 0.00332 313560
362098 0.00344612 330126
365785 0.00349529 335517
352358 0.00335313 319076
340713 0.00325262 310549
343402 0.0033335 311985
351029 0.00333337 318169
350945 0.00334183 318512
352101 0.00335479 320620
352835 0.00338113 320621
364274 0.00347467 331503
351266 0.00334704 319475
359995 0.00343704 327473
365620 0.00350237 331463
374370 0.00360954 338978
362443 0.00348433 332579
361918 0.00345521 329681
370953 0.00353383 339433
364795 0.00351379 332799
366439 0.00353008 332428
362590 0.00346125 330124
359089 0.00341871 325157
382831 0.00364567 347450
357451 0.00346167 326415
350132 0.00335204 317626
370446 0.00353558 335696
345329 0.00329483 312747
366399 0.003544 335277
378468 0.00359525 345748
380068 0.00361183 349385
370449 0.00355829 340375
360360 0.00345608 327244
380393 0.00360679 344839
374460 0.0035475 338964
366481 0.00349921 332870
375643 0.00358167 340177
362188 0.00353017 328135
364059 0.00346812 331577
372168 0.00355375 337344
361158 0.00344842 327231
361770 0.00349237 328057
353927 0.00336442 319105
384957 0.00366788 354336
369790 0.00354742 335962
374271 0.00360217 339231
369630 0.0035655 337044
378929 0.00358892 343767
376586 0.00356421 340554
370405 0.00355325 335252
389366 0.00379333 356671
373992 0.003555 340925
383353 0.00364867 352197
375712 0.00357825 341433
373495 0.00368358 339936
370539 0.00353258 335975
372394 0.00354896 338479
388510 0.00368362 350836
371780 0.00358538 340526
393341 0.00376779 356865
367386 0.00349421 332554
367357 0.00349033 333152
370012 0.00354579 337563
381796 0.00365138 348029
379165 0.00362504 346719
376258 0.00358538 340931
388313 0.00369692 351617
365551 0.00349367 332707
378223 0.00362471 345462
375534 0.00357583 340722
381166 0.00362404 345525
369343 0.00352808 335143
385861 0.00366921 349927
384616 0.00365783 349291
398391 0.00379633 361624
379455 0.00367467 343453
380992 0.00362621 345355
402508 0.00381667 365695
371390 0.00353429 335697
370900 0.00351892 337898
394429 0.00375296 359729
376727 0.00359083 342057
393212 0.00373308 359183
376980 0.00360783 344409
370668 0.00352767 334931
406322 0.00387729 367308
381349 0.00365571 347218
402576 0.00382183 365008
400204 0.003805 367040
397588 0.00376917 360081
385944 0.0036765 353314
382215 0.00364687 348563
394607 0.00374825 360629
373955 0.00355779 339027
373450 0.00356579 339712
390516 0.00369788 354738
375444 0.00357662 340017
387460 0.00370042 352572
385292 0.00369129 353570
385411 0.00365313 348641
401168 0.00381775 366997
396981 0.00377992 365638
392658 0.00373125 359336
390505 0.00370404 355339
410312 0.00390996 373106
402817 0.00382263 368178
393944 0.00375146 358278
399957 0.00378667 362348
401452 0.00381942 363746
392529 0.00373746 356476
402198 0.00380671 363809
397749 0.00378462 364149
409683 0.00402083 375618
408871 0.0039375 375291
395510 0.00375804 358356
413575 0.00390408 373125
395157 0.00382175 361533
410253 0.00391146 372181
386334 0.0036685 350240
403219 0.00383663 369168
394087 0.00374275 357716
414124 0.00393488 381495
387205 0.00367362 350942
393090 0.00374625 357897
406920 0.00385592 370460
404958 0.00385467 369847
401484 0.00379812 364267
387217 0.00368854 351439
384872 0.00365225 349292
399173 0.00380954 363467
391985 0.00372437 358374
412228 0.00391908 373712
390194 0.00370271 354274
417167 0.00395875 380113
415096 0.00392296 378984
398068 0.00378262 362011
427891 0.00408688 393131
405187 0.00384229 366732
399196 0.00380208 362309
407440 0.0038495 368498
416519 0.00396279 380949
423639 0.00400896 387167
404679 0.00383883 366825
414689 0.00393258 380858
421013 0.00403558 386087
418855 0.00398604 385469
406231 0.00384992 370247
415670 0.00398633 381633
402319 0.00381658 367217
406272 0.00386554 369850
411057 0.00390725 371041
415452 0.00394758 379975
424397 0.00402108 388377
409439 0.00389471 371290
407652 0.00386708 369508
405702 0.00385125 367988
393124 0.00374446 358033
400673 0.00379737 364644
411539 0.00390875 378934
399942 0.00381112 362935
413773 0.00393067 379722
411487 0.00390754 375277
412724 0.00392633 376707
421328 0.0040135 385483
407903 0.00387379 370243
414755 0.00392079 376027
405151 0.00384121 367753
412117 0.00391246 373217
410567 0.00388887 374704
418031 0.00395842 381043
414138 0.00392517 375193
415260 0.00395508 377530
416787 0.0039475 379141
432170 0.00410779 397430
424333 0.00406554 389338
428006 0.00405633 389076
433743 0.00412037 393835
434617 0.0041065 396373
415560 0.00394671 377478
428367 0.00407092 393810
417534 0.00396679 382828
428702 0.00404621 387592
432217 0.00419438 391273
426721 0.00404071 389666
411740 0.00389992 373648
425760 0.00403887 389202
414005 0.00391812 374473
438500 0.00415979 398203
417392 0.0039595 380203
433460 0.00414829 396869
414627 0.00393371 377028
407848 0.00386642 370712
414051 0.00392825 377515
416500 0.00395196 378257
436695 0.00414242 396658
435940 0.00412742 397308
419570 0.00402704 381501
444642 0.00420729 404442
428602 0.00404758 388918
439623 0.00416096 400352
437339 0.00416708 400101
431619 0.0040965 391632
444951 0.00420967 407609
435131 0.00412238 395460
449501 0.00432933 413181
429121 0.00407158 389601
442161 0.00418575 401909
434795 0.00413704 395328
427638 0.00405417 391041
438399 0.00415233 396600
438468 0.00413883 397164
421067 0.00398825 381954
431015 0.00408354 391203
443573 0.00419808 401296
434040 0.00412112 394092
440897 0.00423492 401941
433262 0.00411496 394641
423128 0.00402325 384502
425165 0.00403596 385338
420190 0.00403012 380698
427021 0.00406708 386754
425596 0.0040305 386022
424086 0.004017 386458
426389 0.00404283 386017
430940 0.00408737 390999
448345 0.00423808 409926
429359 0.00407288 389306
451824 0.00447033 411195
440152 0.00429521 397818
449530 0.00428908 412281
441965 0.00419771 402630
430520 0.00409188 390908
446556 0.00429037 409272
441086 0.00420146 400305
445311 0.00425104 403170
454810 0.00430246 412732
438266 0.00416208 396430
446700 0.0042275 405749
453436 0.00431212 414326
454283 0.00429371 412678
443873 0.00420913 405758
443224 0.00420258 405638
437031 0.00413975 395875
453657 0.00437162 413534
448595 0.00424533 408147
433232 0.00411542 392531
454042 0.00429458 412906
449431 0.00428363 408973
454006 0.00430321 415180
442238 0.00418971 402087
454233 0.00430242 411312
457414 0.00433042 414061
462077 0.00437187 423999
465057 0.00440537 421570
453702 0.00429267 412133
459048 0.00435162 420377
460548 0.00436904 419120
435352 0.00416125 395377
458570 0.00434892 417359
452066 0.00427758 411100
453660 0.00430717 411113
454114 0.00434358 414218
457349 0.00433712 413720
444096 0.00422317 403810
464234 0.00441288 426860
469250 0.00448437 430831
462183 0.00439642 421552
464267 0.00439842 422977
461382 0.00437954 420285
448053 0.00425996 407789
453272 0.00431917 414921
457304 0.00433733 414989
458041 0.00434067 417074
444178 0.00422933 400808
437860 0.00414404 396715
464121 0.00441713 422928
468488 0.00443188 424642
448245 0.00425971 405633
475278 0.004504 431667
474930 0.00449871 430120
460671 0.00437512 421428
455642 0.00432979 413975
456647 0.00433279 416805
481710 0.00454704 436291
466018 0.00442683 424751
477960 0.00452621 433955
457166 0.00433254 413421
471473 0.00447363 430408
470292 0.00450117 425935
451253 0.00429971 406083
453113 0.00427867 408748
477387 0.00452458 437823
486552 0.00462208 442220
473498 0.00448642 431783
443559 0.00422275 401042
456030 0.00431592 414204
474069 0.00449392 433376
456758 0.00433367 414722
472152 0.00445642 429984
474028 0.00450675 434253
470097 0.00444962 427464
476074 0.00451088 434593
483455 0.00463283 442321
464182 0.00442571 423552
463972 0.00441187 425186
480986 0.00454962 434372
459180 0.00433913 417651
471426 0.00447104 427678
490378 0.00464192 443711
468463 0.00443937 426727
481472 0.00461688 436874
476904 0.0045225 435278
466065 0.00441775 422013
488677 0.004626 444775
491829 0.00465246 443305
492003 0.00465712 449832
473017 0.00452717 430293
474111 0.00450038 432769
472131 0.00446063 429999
463522 0.00437279 419588
491313 0.00463833 444707
496820 0.00469138 449491
483741 0.00461325 443703
484161 0.00458138 443118
486276 0.00460146 444367
489001 0.00461462 442346
482877 0.00458121 436570
494130 0.00467221 448200
475938 0.00448708 431596
461921 0.00438117 418036
472500 0.00448996 431089
487421 0.00460158 443882
467283 0.00444604 425179
467049 0.004465 423198
493600 0.004772 452293
476916 0.00450371 431578
471936 0.00446579 428103
474963 0.00454638 429961
476035 0.00451304 431006
494448 0.00465992 445637
494798 0.00470579 448466
483081 0.00458175 441069
474289 0.004506 430417
505556 0.00479917 457183
479836 0.00454671 433028
471276 0.00446542 426080
488886 0.00461221 442802
478225 0.00453192 434683
491137 0.00468908 447351
497501 0.00471367 449668
496391 0.00470296 455244
489007 0.0046325 443186
487716 0.00460183 442756
511430 0.00485613 462777
476665 0.00452121 430417
476666 0.00452187 431826
491181 0.00472229 445565
487470 0.00478871 446739
472357 0.00461637 424984
489800 0.00487608 444017
473301 0.0047795 426109
483220 0.00468196 437420
504310 0.00478833 455454
493539 0.00469117 452297
490939 0.00464442 445323
484181 0.00457946 438394
479347 0.00453029 433811
499252 0.00472158 451718
501249 0.004754 456931
486221 0.00460175 439347
490929 0.00463975 448017
480882 0.00456708 438971
479149 0.00453008 432885
508190 0.00482075 461063
492267 0.00467442 447641
489849 0.00468 445322
515768 0.00488887 467655
516413 0.00487154 467767
516453 0.00488329 467351
504347 0.00477087 454933
474987 0.00451883 430911
503131 0.00480117 456928
508293 0.00482163 462549
512750 0.00488571 469355
501138 0.00473062 454263
496214 0.00471638 450606
486194 0.00458496 439824
504805 0.00479512 464107
511283 0.00482225 462214
519407 0.00490946 473614
508485 0.00481525 463943
500190 0.00474517 453257
513676 0.00486217 468655
486833 0.00460983 440495
510406 0.00480842 464208
507174 0.00481783 463150
481819 0.00456308 436109
496682 0.00469854 448558
493054 0.00466925 444072
506254 0.00479237 459804
501945 0.004755 457948
523038 0.00496542 479842
498909 0.00470863 452293
521217 0.00491896 475079
500332 0.00472562 452536
510139 0.00482913 464997
509692 0.00481879 463244
508447 0.00484829 463602
497290 0.00469608 449165
513106 0.00489733 465019
527968 0.00500521 481753
514521 0.00487775 470086
500929 0.00473783 453483
493869 0.00467767 448070
500200 0.00471887 450813
513318 0.00486133 467277
503196 0.00480558 455235
520853 0.00491704 469554
506025 0.00480975 457689
523691 0.00497654 478535
505768 0.00478375 461254
489749 0.00464029 443470
518700 0.00489854 467657
523360 0.00495242 479781
502537 0.0047545 454205
517070 0.00492379 472310
498013 0.00470729 449587
501727 0.00474458 453903
471394 0.00447671 429150
519766 0.00490262 473217
507555 0.00480629 460967
498026 0.00468562 449566
491153 0.00490062 444157
525581 0.00500233 477217
540430 0.00512033 488685
525948 0.00498442 481264
536925 0.0051215 485135
520912 0.00492542 476199
507162 0.00480521 458323
524637 0.00504567 478436
520738 0.00492983 475860
538270 0.00508533 486744
512670 0.00485829 467041
526690 0.00497283 475654
523816 0.00497654 480757
511952 0.00484183 464920
534037 0.00503558 485194
522017 0.00491958 473540
519221 0.00496825 471301
501442 0.00473337 453401
527408 0.00497983 476782
516261 0.00486925 466146
500152 0.00473979 451653
513315 0.00485442 464847
527394 0.0049805 481485
509177 0.00482204 462566
509972 0.00485025 461826
519090 0.0049065 472184
523548 0.00493929 471965
542114 0.00510825 490183
520329 0.00491975 473082
525398 0.00497379 477813
531950 0.00504983 482545
526575 0.00499504 483454
537112 0.00506579 489807
508917 0.00482213 459542
534620 0.00503733 486107
543576 0.00514467 496447
530419 0.00501071 479943
546333 0.0051795 497919
531291 0.00500604 481169
509658 0.00481321 461898
538669 0.00509575 492134
538615 0.00511192 493639
540711 0.00509767 488713
521893 0.00493775 470174
534183 0.00503821 482998
529726 0.00501563 482710
547745 0.00517713 496642
545768 0.00515808 493405
537055 0.00507408 489242
537829 0.00509746 490808
531146 0.00502321 484473
524901 0.00496429 479377
530714 0.00503629 486233
518176 0.00491129 468716
510986 0.00483104 461303
542979 0.005121 491042
535868 0.00506513 489355
527994 0.00498792 478825
521622 0.00492975 473124
521357 0.00491338 471723
526171 0.00502546 476682
523654 0.00500108 473556
525021 0.00497558 475739
534009 0.00510104 483024
526032 0.00497654 479331
551188 0.0052145 498620
527885 0.00499521 479984
552677 0.00526138 501272
552835 0.00521796 499688
527448 0.00499225 479634
530723 0.00502204 483236
552894 0.00521454 498902
551986 0.0052105 499421
530739 0.00505275 479966
535665 0.00507383 483413
552267 0.00523896 503939
561486 0.00531883 508488
533925 0.00506037 485501
545712 0.00517017 494287
549822 0.00517525 497210
537464 0.00507983 486399
564616 0.00534088 511318
535046 0.00505358 485314
525212 0.0049985 474753
536216 0.00506788 484926
556975 0.00531192 509118
523467 0.00494346 475223
531757 0.00502592 482366
545515 0.00513983 494122
529088 0.00501196 480104
541520 0.00511675 489971
562301 0.005318 513928
543866 0.00514458 495070
537760 0.00522654 486881
554623 0.00528204 501144
545067 0.00516583 491201
568259 0.00539392 517657
562151 0.00537587 508822
562169 0.00532704 508150
531682 0.0050335 480730
574877 0.00544879 520106
562615 0.00531725 512810
541770 0.00514712 489656
566625 0.0053495 512994
528901 0.00500688 477458
543684 0.00515263 492170
541712 0.005172 492073
550313 0.00517696 497471
566770 0.00536475 519218
556737 0.00525342 503757
532273 0.00503687 481894
560347 0.00530271 510321
539892 0.00509104 487501
537303 0.00507942 484529
550959 0.00520625 499219
557709 0.0052785 507693
537377 0.00508933 487406
552490 0.00522704 502108
551928 0.00522304 500728
547700 0.00517771 496245
534395 0.00509262 485608
553986 0.00529483 504017
545739 0.00517987 494755
567204 0.00534092 511438
564076 0.00535433 512519
584790 0.00552675 529979
572903 0.00540579 522253
573663 0.00540704 519530
559771 0.00528408 507163
569864 0.00538271 519720
566669 0.00534175 513915
575153 0.00549246 520491
563882 0.00533558 510978
552352 0.00523942 501647
565236 0.00536833 517479
562927 0.00532963 511632
557974 0.00528621 506090
567311 0.00534796 516069
553156 0.00523504 501258
525359 0.00506433 473042
544293 0.00514867 494249
561399 0.00530921 513293
544215 0.00513733 490794
547108 0.00519675 495838
551932 0.00521842 499925
575307 0.00546962 526836
560490 0.00533671 507808
565230 0.00537108 516725
552768 0.00523525 500896
559141 0.00528963 505674
569115 0.00537858 515823
566583 0.00533433 512181
585094 0.00550525 529655
584261 0.00551879 531823
572424 0.00545813 516860
589913 0.00557783 534742
573308 0.00540925 520160
589728 0.00560229 535046
580968 0.00546583 527901
556041 0.00526492 502371
592869 0.0055945 534345
583089 0.00549975 531481
594373 0.00565817 544342
559147 0.00529079 504523
587131 0.00555462 532037
584086 0.00553088 531434
573365 0.00544579 519951
583147 0.00552467 532351
580681 0.00549217 528961
575973 0.0054465 524868
589309 0.00561342 538851
565733 0.00542679 511340
591045 0.00561429 536652
590408 0.00557712 533077
594934 0.00563675 538413
576895 0.00546362 522782
563756 0.00536075 509430
556567 0.00532004 505955
580848 0.00551158 526985
580423 0.00549279 524813
563122 0.00535454 513046
602822 0.00585892 545204
589253 0.00569754 532137
582111 0.00551367 526388
606051 0.00576187 549510
579651 0.00547683 528571
593317 0.0056255 539743
560405 0.00530792 507389
558614 0.00529942 503900
587618 0.00557179 532836
589317 0.00556917 535939
597871 0.00564179 541334
588462 0.00556529 535132
573396 0.00548704 521673
570305 0.00540129 514484
586266 0.00554504 531788
591104 0.00560496 541901
603805 0.00569663 544237
571466 0.00541004 515768
573326 0.00548554 519715
572663 0.00541383 519020
571222 0.00540292 517294
569869 0.00538083 518284
577945 0.00546346 523762
594800 0.00559654 537405
579350 0.00547233 524781
584508 0.00551637 531362
599014 0.00567833 547569
593073 0.00561358 544373
568656 0.00536654 514401
584629 0.00553567 528426
618992 0.00588871 568993
602421 0.00569854 551675
604925 0.0057365 548775
610868 0.0057635 556123
598040 0.0056635 543288
608905 0.00574817 551398
601357 0.00569371 543201
590678 0.00558075 533829
608341 0.00573687 551021
586058 0.00555621 531164
604361 0.00577512 554158
603753 0.00569008 549202
595742 0.00562963 541079
626178 0.00591517 566379
609010 0.00574625 551637
577771 0.00543704 521588
582719 0.00550488 528069
615150 0.005812 556203
604854 0.00575583 549004
587222 0.00554229 530998
601966 0.00571746 546893
597741 0.00564808 540397
574286 0.00541929 518260
601408 0.005684 550672
598506 0.00564496 540094
581492 0.00548742 526347
582976 0.00554346 529938
598704 0.00567154 546971
575155 0.00543529 521134
576223 0.00545937 522555
616271 0.00581992 555288
615326 0.005868 559864
584198 0.00553858 526986
598099 0.00566817 543589
606900 0.00576421 552745
589043 0.00558787 530736
599247 0.00565925 541428
598509 0.00570263 545298
597830 0.00564013 541733
616708 0.00585071 563642
610278 0.00575492 554995
617479 0.00582171 557825
624930 0.00594592 564543
607031 0.00576333 549857
614420 0.00584462 558490
623086 0.00589575 570864
599138 0.00566529 543565
617229 0.00583746 562095
621733 0.00585921 563779
610156 0.00574171 553874
616764 0.005838 558140
605903 0.00572013 551583
616699 0.00582033 561471
604823 0.00587658 547774
587792 0.00557496 528174
590974 0.00559758 533405
628096 0.00594596 574971
620497 0.0059265 568090
620981 0.00585075 569148
605658 0.00573146 549033
632574 0.00594937 571576
634457 0.00597867 572780
596447 0.00564613 539255
614355 0.00584071 559789
618187 0.00581883 559215
616235 0.00586583 554647
594939 0.00561404 537955
599077 0.00565717 541997
643357 0.00606642 581335
604637 0.00569262 547317
640870 0.00608542 584283
606103 0.00570808 549228
633759 0.00599033 579398
643964 0.00607258 583366
612657 0.00579821 553955
630157 0.00595804 576345
635074 0.00601075 580804
594317 0.00560392 539146
623796 0.00587775 562104
623942 0.00587475 564479
616024 0.00580867 556758
612723 0.00578454 553618
616576 0.00581771 562822
618045 0.00582896 562831
615810 0.00584625 558259
607036 0.00572917 553062
622127 0.00586842 567394
591789 0.00559121 535509
613126 0.00577667 554598
619156 0.00585383 560645
643393 0.00610496 593195
626448 0.005934 572299
625779 0.00591912 567684
628446 0.00592533 567598
632627 0.00596617 575256
626851 0.00595204 566719
651555 0.00614775 587536
626103 0.005917 567400
621748 0.00586279 561435
647623 0.00611188 589666
619624 0.00585737 560286
640188 0.00604875 581089
628654 0.00597158 570096
627369 0.00596446 568904
606960 0.00572854 549592
629841 0.00593879 569333
618713 0.00587987 558393
635116 0.00600958 578473
619897 0.00588521 561698
629679 0.0059435 575102
638492 0.006056 579532
632239 0.00597529 570730
614899 0.00581404 557790
613194 0.0058015 554868
635714 0.00601087 576874
642783 0.00613246 579370
616868 0.005839 558273
637585 0.00600746 579443
612861 0.00585596 552200
633920 0.0059995 577134
641348 0.00607183 584110
639464 0.00604233 580708
648454 0.00611083 584851
647347 0.00612167 585589
651154 0.00615017 592991
649106 0.006121 586826
639206 0.00602525 579653
655071 0.00619929 601411
634886 0.00599038 576311
648850 0.00613704 592472
654231 0.00617721 596502
626530 0.00592683 567390
642128 0.00606096 584003
636717 0.0060495 577423
663589 0.00636067 598711
652779 0.00641883 590873
632266 0.00603221 571141
659967 0.00623208 597036
643278 0.00608475 583246
658491 0.00621546 594983
644973 0.00608663 583005
622624 0.00592813 563509
664310 0.00631229 608537
641725 0.00606575 583323
650602 0.00620158 591709
636718 0.00602479 578903
629403 0.00596808 569937
649786 0.00612442 586507
643094 0.00608179 586417
642752 0.00608608 581825
649411 0.00613979 591049
651931 0.00616542 592667
668365 0.00632471 604281
653216 0.00616413 590483
663551 0.00626779 599911
631755 0.00598129 571436
657070 0.00619704 599987
671073 0.00632392 605593
673336 0.00636629 611913
655498 0.00617442 593730
654607 0.00618213 594256
679358 0.00639475 613482
643238 0.00609 586363
673713 0.00635567 610260
676653 0.00640008 613608
664289 0.00628137 600708
654189 0.00622533 597280
662792 0.00625371 598289
665060 0.00633396 601617
653742 0.00617721 591624
651925 0.00617708 597967
635960 0.00602112 578333
638196 0.00603125 577202
680434 0.00643392 614559
653735 0.00618808 592905
674476 0.00638254 612102
646366 0.00609496 585999
650242 0.00615333 587619
641525 0.006097 582941
667262 0.00629767 602458
679504 0.00640346 614008
666936 0.00628758 604048
673571 0.00637425 613521
668906 0.00630396 606983
683382 0.00648742 623698
665095 0.00631517 605006
685657 0.00646962 620097
659916 0.00623546 598034
672967 0.00635983 615639
679712 0.0064495 614999
670347 0.00632788 610203
672529 0.00634908 609836
661974 0.00623867 597794
661741 0.00625488 600102
639850 0.00605508 580974
642448 0.00616092 581964
675744 0.00637988 611048
659299 0.00622925 599205
654878 0.00620075 592341
691943 0.00654971 624310
658788 0.00623438 596609
654283 0.00618604 591492
662777 0.00626375 604767
673117 0.00636592 615854
650595 0.00614158 588754
653294 0.00618683 595143
687514 0.00648471 622321
668677 0.00633012 607249
677172 0.00638304 616645
669726 0.00642267 614095
672299 0.00640471 612627
665347 0.00629404 602514
661830 0.00631179 599398
659399 0.00624538 598490
683294 0.00645487 617169
661246 0.00627925 600250
667344 0.00629829 604775
684306 0.00645679 620899
700208 0.00661646 634481
685088 0.00646433 621758
672862 0.00642083 608196
698791 0.00659979 633156
665652 0.00628054 603980
686216 0.00649958 628372
671137 0.00637446 611495
702314 0.00662904 643643
669536 0.00631138 606223
683862 0.00646321 626750
686615 0.00649342 627255
705700 0.00666717 638735
703876 0.00665121 636953
671758 0.00636825 611042
689729 0.00650887 629445
673344 0.0063445 611004
696676 0.00661425 635951
685243 0.00646871 622619
680532 0.00641813 620120
675593 0.00636412 610134
677920 0.00638737 617025
698531 0.00659546 632713
686486 0.00648033 622265
697384 0.00658288 629865
700960 0.00663012 639216
691281 0.00655871 627427
667722 0.00630767 604953
690646 0.00651992 626463
687890 0.00648625 624609
695556 0.006565 632805
703413 0.00664558 643756
674989 0.00635646 611500
666678 0.00630788 605787
688017 0.00648454 622891
687734 0.00653425 622744
713118 0.00674712 647282
665706 0.00627721 603735
685259 0.00647633 623020
711581 0.00670854 644932
702201 0.00661138 637690
694454 0.00655004 631467
673702 0.00636417 610838
685619 0.00647363 622516
693831 0.00659217 632284
681534 0.00647337 618745
707024 0.00667313 646312
674864 0.00634229 610195
700453 0.00661608 639087
699405 0.00658658 639250
670975 0.00638112 610700
680211 0.00642292 614611
677587 0.00639012 613199
696871 0.00658371 632176
701484 0.00661542 638089
698557 0.00663617 635874
706672 0.0066695 646126
684448 0.00649275 619885
703033 0.00664375 638581
723820 0.00685279 655874
694362 0.00659933 630885
722317 0.00681633 660762
726662 0.00684817 655782
671942 0.00635525 606839
684505 0.00652029 619696
697899 0.006664 633880
711651 0.00682942 653486
699495 0.00686325 633635
712038 0.00675325 644334
688462 0.00650067 622986
711503 0.00671479 652755
698054 0.00658767 629738
691804 0.00652179 627944
701511 0.00663192 634703
679564 0.00644846 618318
699589 0.00667292 632383
725813 0.0068705 658626
721742 0.00680979 657044
720104 0.00679083 653165
716722 0.006758 655126
714190 0.00673629 646985
709285 0.00670996 647850
716900 0.00678571 648667
719126 0.00676838 653616
704554 0.00665913 639795
713469 0.006731 647550
722068 0.00681425 657200
705016 0.00664733 638947
699664 0.00659725 633547
731904 0.00691758 668762
720622 0.00683542 658040
730196 0.00689058 659904
724996 0.00687217 658883
729330 0.00685763 658932
733182 0.0069285 663692
732417 0.00690942 663725
729342 0.00688804 661732
710535 0.00668587 641468
705493 0.0066755 638894
717788 0.00677021 649701
737072 0.00696137 667450
714264 0.00676996 652789
686446 0.00650804 621374
716605 0.0067965 657721
714693 0.00672788 647656
705623 0.00669388 642892
691698 0.00655717 624744
718287 0.00679496 654901
731521 0.00688417 661653
730699 0.00688233 665410
704057 0.00667696 638909
707417 0.0066705 639767
746352 0.00703075 675960
751949 0.00711058 682603
713731 0.00675308 651105
755087 0.00710892 683330
730360 0.00690642 661115
744808 0.00704267 682306
725380 0.00685917 655732
745784 0.00707133 675062
728669 0.00690437 668121
739164 0.00699458 678257
729381 0.00687446 663186
750680 0.00707654 685042
730536 0.00691371 669745
721540 0.00681837 657725
739125 0.0070035 675882
722213 0.00683258 657516
723495 0.00688237 657418
740858 0.00700742 672447
731797 0.00692583 661920
747873 0.00707196 681024
744356 0.00701125 673561
736678 0.00696 669003
729773 0.00687613 660498
731630 0.00704483 664554
722356 0.00687317 656200
719936 0.00679775 653088
714809 0.00681608 645177
719721 0.00680663 652185
719986 0.00681067 651571
688963 0.00650563 623787
732052 0.00692971 668142
737560 0.00697196 671971
736164 0.00698188 668265
739693 0.00704096 672496
767261 0.00724421 694062
740710 0.0069905 672409
726955 0.00686554 658502
751167 0.00711038 681950
719726 0.00677888 651997
734584 0.00692854 664784
724014 0.00683558 655056
725360 0.00687192 654846
748549 0.00706996 677911
735471 0.00696213 670221
768640 0.00727367 703354
754619 0.00713096 689089
732555 0.00694062 670735
729911 0.00688888 660516
728871 0.00689179 662508
736597 0.00696242 669711
733949 0.00692542 662507
730858 0.00694346 660341
760063 0.00720012 698044
732222 0.00691979 666137
762709 0.00719033 689622
745302 0.00702721 673229
737781 0.0069995 672127
755885 0.00715125 692191
766639 0.00726083 703650
735120 0.00694275 667807
768078 0.00727212 696701
750201 0.00710933 680393
759415 0.00717842 686948
759076 0.00717296 687771
746438 0.00704533 683607
752063 0.00714533 682938
732896 0.00694821 666166
755496 0.00712279 684412
780067 0.00733979 705908
764675 0.00722746 702290
751403 0.00707962 680660
764727 0.00721483 690123
780839 0.00741075 708228
754112 0.00711412 685374
739129 0.00697121 669812
766538 0.0072375 697882
741426 0.00698254 669715
766061 0.00730067 696732
729195 0.00689729 660303
725400 0.00687958 657488
762883 0.0072005 696662
743830 0.0069985 674752
769457 0.00728113 703800
765325 0.007197 692415
740746 0.00698108 669652
785553 0.00739329 708973
730620 0.00694421 662533
745986 0.00703054 678839
769140 0.00724654 703756
768248 0.00722129 696370
765643 0.00723525 694489
754917 0.00728583 683041
758086 0.00716979 689623
772089 0.00755754 706463
772748 0.00728004 699831
735947 0.00695529 668950
759991 0.00716504 691008
766396 0.00722604 693479
749084 0.00705358 676388
758088 0.00714642 685251
781088 0.00746846 708406
763197 0.00720467 691243
771568 0.00727787 704048
750632 0.00711208 681345
758548 0.00717775 688373
779422 0.0073575 708115
778746 0.00736446 712701
765636 0.00723642 696627
749465 0.00708604 680985
783653 0.00739217 714214
773136 0.00729608 706783
757846 0.00720663 690212
752516 0.00711604 681275
740324 0.00699758 671259
753877 0.00712529 688621
745494 0.00703329 675121
787076 0.00741896 713733
763346 0.00719487 691996
746894 0.00705104 679330
754653 0.00711563 683005
774363 0.00730571 702540
792344 0.00748554 721254
801426 0.00753758 727529
761687 0.00715975 688990
782092 0.00742779 718200
788041 0.00745813 713751
789287 0.00744692 721314
756615 0.00714838 683283
771790 0.00730592 703043
754716 0.00711754 682903
813054 0.00767808 739532
787915 0.0074305 721487
767340 0.00722904 696387
790697 0.00746471 722594
788293 0.00746742 723330
764743 0.00725883 693238
789070 0.00745521 722543
786977 0.00747387 716466
758471 0.00719221 687768
755333 0.00714721 686142
788998 0.00744783 714434
770930 0.00726967 698343
750039 0.00709783 681676
761685 0.00718854 690169
769040 0.00727287 697463
754043 0.00713229 683253
785634 0.00746254 711255
804619 0.00760833 727850
782480 0.00741471 716733
777625 0.00732071 704887
740247 0.00699729 669990
821151 0.00774379 744067
791366 0.00745692 717061
777924 0.00735213 707669
783512 0.00743563 711286
786122 0.00742067 712768
783826 0.00754488 712130
789513 0.00751792 722032
797068 0.00752512 722163
790471 0.00749767 715699
792453 0.00748846 720402
770869 0.00730392 699986
778184 0.00736508 704177
796786 0.00749304 724369
804923 0.00757663 726903
800058 0.00761392 730983
792088 0.00749325 720839
797488 0.00753058 728043
797687 0.00753617 721739
754035 0.00714725 682428
777516 0.00733537 704077
745323 0.00708688 675245
789503 0.00746358 714719
816574 0.00773371 748910
807899 0.00760667 735974
804176 0.00758758 734613
783485 0.00742863 715593
767503 0.00725596 697705
819918 0.007732 743225
784771 0.00743321 711788
799593 0.00755008 727019
807311 0.00760683 732010
778046 0.00735375 705144
828883 0.00780854 758362
806671 0.00760004 730739
785691 0.00741354 711993
777996 0.00734438 703136
825898 0.00784021 756247
812209 0.00767221 734850
784235 0.007441 711374
811400 0.00763838 738823
813115 0.00764538 736343
799551 0.00760925 730740
778087 0.00734025 705378
785843 0.007414 710934
797746 0.00754308 730049
818754 0.00771867 742990
818199 0.00771071 741730
777844 0.00733683 703662
767864 0.00722846 691906
816495 0.0077135 745044
792569 0.00747521 718978
816028 0.00775579 749160
781755 0.00737092 707744
785141 0.00742138 710947
791459 0.00749017 721299
815918 0.00768042 739751
796878 0.00750879 723888
815332 0.00775583 738175
818312 0.00774567 747966
816146 0.00772608 744165
807743 0.00761812 731400
801081 0.00769887 727532
806013 0.00759763 728818
802600 0.00757513 727998
809682 0.00761179 731290
815856 0.00773942 743302
802557 0.00757433 732865
807456 0.00760713 730985
838815 0.00791787 760447
823879 0.00788946 752048
800703 0.00757021 731469
806396 0.00784112 731932
809182 0.00760567 736582
811338 0.00763475 735483
802337 0.00757875 728330
786716 0.00741483 712654
809198 0.00761979 731043
822043 0.00784133 753420
823942 0.00779067 750952
826602 0.00778104 752188
826041 0.00777625 747963
817929 0.00770492 741038
801790 0.00755442 727185
789109 0.00744612 713185
790974 0.00747442 719478
810208 0.00766767 738918
804878 0.00758288 729286
847778 0.00801167 778352
828207 0.00780971 749959
820752 0.00773017 745898
801651 0.00754787 725735
827426 0.00780017 749972
821996 0.00777821 744711
807919 0.00763817 734725
843976 0.00796125 774945
798441 0.00753292 723376
832078 0.00784987 754974
805714 0.00763246 732118
820401 0.00774808 744616
804598 0.00761125 729555
823722 0.00776712 749416
806824 0.00767458 733128
802101 0.00758937 730413
846698 0.00798737 776655
851026 0.00811212 770231
852606 0.00803258 772368
854260 0.00802792 774057
812174 0.00765079 734844
825067 0.0077945 747220
858313 0.00818471 778223
851405 0.00801346 768748
811402 0.007645 737361
789264 0.00744437 713411
790406 0.00747188 716299
816364 0.00770354 740059
833590 0.00786458 756034
812207 0.00771046 741251
793160 0.00754054 719760
809043 0.00762921 735814
819876 0.00773192 741518
812347 0.00767892 737756
809334 0.00764054 734626
864205 0.00814221 792188
843520 0.00794871 764597
822634 0.00776833 745853
851311 0.00804258 770272
818061 0.00775171 746880
812928 0.007686 737765
863717 0.00815537 790828
799545 0.00756288 723357
828172 0.00800913 750235
828124 0.00782138 755497
823928 0.00780567 745527
853523 0.00807625 780447
843071 0.00794058 764762
820019 0.00772371 741262
849757 0.00801392 768657
818679 0.00772712 741500
856505 0.00815187 776534
824498 0.00780729 746206
847785 0.00802129 776929
838609 0.00791283 767445
833849 0.00785283 757126
858906 0.00809046 785555
803566 0.00756787 729026
840709 0.00793813 762827
812572 0.00767292 739964
848497 0.00799971 775260
849036 0.00803229 775195
853372 0.00802217 779156
857962 0.00807813 777184
832097 0.00786675 752555
844056 0.00799842 773044
862226 0.00814304 792504
859797 0.00808812 780037
824511 0.00783125 748750
818355 0.00768562 739468
828180 0.00780138 748759
838543 0.007881 760524
835279 0.00785325 756524
864573 0.00815404 792373
860930 0.00819529 784295
843704 0.00797654 763717
823103 0.00778729 744581
835490 0.00786467 756817
829567 0.00787767 749732
839183 0.00796808 759949
854085 0.00808021 783543
839664 0.00793175 762647
840527 0.00794308 762788
842195 0.00792929 760972
824392 0.00783892 748634
826071 0.00782158 746306
834983 0.0079055 764115
834295 0.00788096 761198
862638 0.00812138 781021
835744 0.00788071 757814
833391 0.00785938 760152
849890 0.00807633 767997
854821 0.00804637 773329
832855 0.00786942 754743
866589 0.00815971 787694
837498 0.00789225 759609
859240 0.00808954 777476
859879 0.00811792 788409
851090 0.00802642 778729
886924 0.00836229 804659
882062 0.00831317 796914
845232 0.00810317 765860
850043 0.00804688 771621
865348 0.00822117 782412
856497 0.00821633 778631
864970 0.00812858 781759
844138 0.00796771 763919
861418 0.00812217 781166
869117 0.00819496 791195
839852 0.00798663 760737
835127 0.00790267 760763
840519 0.00793483 763249
842192 0.00796188 765481
849512 0.00800163 773209
845206 0.00801525 770064
859729 0.00810312 778037
869653 0.00819562 788742
851184 0.00801696 772692
847004 0.00798579 769247
838320 0.007916 759648
846414 0.00797675 770080
837456 0.00791246 757769
853215 0.00803787 773233
880510 0.00833896 806295
862551 0.00817213 782232
863751 0.00815925 787445
900230 0.00852042 827355
869588 0.00819229 791911
873544 0.00829558 797329
880214 0.00828221 796295
910526 0.00858904 826679
895259 0.00845167 809716
900559 0.00854283 827086
864184 0.00819025 780968
860674 0.00813308 780671
896647 0.00844304 809671
846904 0.00803846 766341
878145 0.00829525 803195
895534 0.00842633 812063
856683 0.00809512 772971
856064 0.00808496 774239
855087 0.00805921 775006
859000 0.00812804 779069
892247 0.00845275 807688
869259 0.00820917 794109
898168 0.00848275 813613
850354 0.00802138 768042
907478 0.00855342 821728
843305 0.00801662 766047
852111 0.00804175 775761
888538 0.00844392 812455
889145 0.00839342 805380
879993 0.00830558 798238
906646 0.00852633 822082
852031 0.00803596 772052
877646 0.00830767 796104
915271 0.00868112 830960
884783 0.00837542 800549
875721 0.008358 794946
865227 0.00817662 786337
859889 0.008193 780831
903351 0.00855312 828809
917044 0.0086555 830309
880005 0.00829792 798291
861523 0.00811992 779764
890471 0.00848337 816054
899955 0.00847946 819174
881184 0.00833212 801744
860350 0.00809938 781953
905337 0.00855758 829282
861855 0.0081285 785076
872223 0.00820612 789816
886009 0.00834658 805434
905140 0.00851883 826431
872940 0.00822079 791360
896369 0.0084275 816002
889307 0.00835717 807373
854794 0.00804704 776154
909834 0.00856588 833027
875957 0.00828863 796549
904542 0.00850313 819404
895547 0.00845725 811722
871207 0.00822971 793435
881255 0.00829067 798133
891596 0.0084105 812022
899002 0.00846896 817054
891367 0.00844471 808446
886792 0.00836967 807854
933265 0.00883263 854945
882447 0.00835667 799101
918933 0.00866117 832648
935880 0.00883946 847872
914996 0.00861008 829441
904267 0.00854696 823357
912313 0.00863404 836242
899242 0.00845392 817049
886262 0.00834808 803066
862811 0.00816463 782159
887464 0.008415 807041
893687 0.00845117 812273
912816 0.00859017 830605
910649 0.00862175 835210
914767 0.00864117 835337
932955 0.00885063 847991
895273 0.00843271 811004
883700 0.00831683 800358
866560 0.00819475 786444
872451 0.00825196 792561
907619 0.00858479 825973
921018 0.00870275 845186
895317 0.00844792 812013
876561 0.00831146 794748
879906 0.00828896 798140
927735 0.00890975 847422
921712 0.00867692 839785
871329 0.00844025 787801
895353 0.008425 810176
898738 0.00846308 812651
929011 0.00873817 848465
921544 0.00867533 834590
907238 0.00860158 826261
902022 0.00853029 825189
908424 0.00860679 820953
933122 0.00877596 849761
917379 0.00865733 835379
899555 0.00846358 818561
927348 0.0087515 848706
881261 0.00828075 794363
939001 0.00884221 852082
894246 0.008452 809278
916382 0.00860746 836302
920789 0.00868067 843775
909043 0.00858292 825818
909475 0.00857304 823412
899869 0.00846292 815178
928624 0.00875458 853054
901829 0.00851096 819304
929068 0.00876163 850619
908139 0.00854933 830270
901316 0.00847738 817214
915200 0.00860954 830072
869892 0.00820829 785961
925691 0.00876488 842329
928199 0.00878512 846539
928276 0.00875237 843205
932420 0.00878208 850204
928979 0.00875671 850072
902772 0.00849942 816320
896010 0.00843908 815746
952683 0.00897625 872138
936718 0.00883367 849976
909616 0.0085695 826691
946860 0.00893317 867899
934008 0.00879417 854563
927139 0.00873162 842281
954258 0.00901775 862542
937659 0.00881342 848268
923117 0.00872142 836819
951301 0.00894075 859015
905455 0.00853921 819300
937896 0.0088325 846582
914152 0.00858567 824591
911800 0.00859838 827449
938327 0.0088535 848853
917329 0.00866175 833234
904967 0.00851937 821390
904736 0.00872125 819870
930668 0.00884833 853737
956938 0.00912404 876189
883352 0.00832442 799978
942314 0.00891379 861063
899091 0.00848171 815896
908609 0.00856021 822738
947055 0.00891187 861979
947572 0.00897713 862583
967950 0.00909492 875456
911034 0.0086285 827391
898158 0.00847513 814009
970095 0.00913308 877193
925546 0.00871429 836254
957054 0.00900212 872808
966224 0.00907287 872861
953649 0.00894571 867311
968578 0.00916958 877821
919731 0.00872675 838136
937522 0.00883975 858711
927633 0.00874017 839710
915322 0.0087085 832404
918455 0.00864371 832745
934861 0.00884688 852392
935394 0.00882617 856075
925120 0.00874979 838682
933506 0.008798 849321
935228 0.00879575 850577
921936 0.00868983 836283
944324 0.00888196 859789
941712 0.00893267 861213
927366 0.00873592 837369
970932 0.00915679 876777
942845 0.00886267 857394
916070 0.00865975 833369
922036 0.00866954 834509
940002 0.00887317 856676
938438 0.00883842 854081
923274 0.00871079 837734
955952 0.00905875 874071
973473 0.00915242 880986
957483 0.00901342 874404
944579 0.00888458 857528
957318 0.00901875 870952
960944 0.00905696 875084
933039 0.00879371 848617
946600 0.00893033 859562
974218 0.00917375 891598
949721 0.00895187 863904
949673 0.00894763 869222
947687 0.00890954 856586
936252 0.00880533 849723
968429 0.00923921 877734
926042 0.00879817 838337
967693 0.00912963 877486
961049 0.00911229 876401
950402 0.009178 868416
955335 0.00897754 866575
937172 0.00880296 851712
915373 0.00861358 827677
942188 0.00890896 856141
938371 0.00883133 849486
935341 0.00880596 850867
899855 0.00850046 813062
932365 0.00877225 849299
923653 0.00868283 835755
938886 0.00886029 858485
940773 0.00887146 854475
950706 0.00892592 861563
979238 0.00921192 891465
970720 0.00913092 887409
928962 0.00872612 840427
973676 0.00917383 892434
960180 0.00906308 873727
936659 0.00879771 848977
951871 0.00894492 861134
987258 0.00928379 893547
934483 0.00878521 848466
983199 0.00926379 899378
973866 0.00918067 887187
962186 0.00902996 871901
926711 0.00876954 838700
961827 0.009046 872523
983931 0.00926712 891430
943881 0.00887629 853628
922327 0.00872087 835520
965178 0.00911104 884111
948200 0.00890867 859659
959815 0.00904054 872053
967755 0.00908229 875604
959513 0.00902237 871517
949381 0.00892613 862078
984858 0.00923971 899281
939905 0.00885904 853302
967200 0.00911304 885716
944662 0.00886775 857518
950917 0.00892087 862920
1003974 0.00944287 908931
1001872 0.00943683 915708
938539 0.00890925 851183
970988 0.00912967 879946
984742 0.00923429 892848
996072 0.00937329 909535
953543 0.00898904 862077
969022 0.00909458 883428
1002112 0.00961592 909828
963696 0.00908946 875105
937395 0.00887396 847402
978232 0.00923567 886724
942184 0.0089055 855425
959058 0.00904 870338
981349 0.00920521 888338
999656 0.00948804 914279
977840 0.00921442 884186
960789 0.00907129 871862
943712 0.00892875 855286
968386 0.00910717 878356
944587 0.00890538 855927
987422 0.009288 900677
966279 0.00911958 877734
980407 0.00924563 885976
969844 0.009149 886133
951807 0.00898879 863960
991968 0.00933304 896773
968725 0.00914404 880676
985714 0.00927492 896953
977303 0.00921975 888401
1019823 0.00962079 924478
1012140 0.009522 915651
971038 0.00917575 883208
999363 0.00940462 910026
1002032 0.00951654 921841
977996 0.00928646 891854
962161 0.00905254 871913
972662 0.00917825 882262
966903 0.00909021 877465
968633 0.00912633 881955
962128 0.00911279 872785
967790 0.00912717 878682
977150 0.00919738 887816
997911 0.00938742 905761
996317 0.00936967 908171
1003282 0.00957346 916722
985099 0.00928508 893562
948293 0.00894721 861940
996929 0.00937675 908482
993876 0.00941612 907222
951391 0.00896613 863326
975002 0.00918725 883916
997760 0.00946654 912241
987066 0.00941538 897941
983197 0.00924767 890644
957274 0.00902054 866234
997067 0.00943133 910336
957893 0.00902421 871970
964897 0.00921296 876311
978051 0.00923667 887572
989458 0.00938825 903620
985030 0.00930417 894150
992288 0.00950858 899540
1005452 0.00949108 910034
967092 0.00911508 876349
997678 0.00943671 904266
999064 0.00944296 913704
978798 0.00920533 889391
976684 0.00923175 888573
1026167 0.00969092 926738
1009927 0.00950238 919183
1039433 0.00977308 942758
992253 0.00934742 899670
1004388 0.00945921 911898
1021945 0.009614 928465
974897 0.00919946 881972
972809 0.00920979 884220
1024171 0.00964333 928776
980150 0.00924787 894567
975753 0.00921187 885480
999448 0.00942167 907890
1001447 0.00947813 913754
992526 0.00934521 900893
998517 0.00940217 911721
1001946 0.00943979 913853
969226 0.00913313 877088
1005530 0.009481 915736
984861 0.00930346 893033
973975 0.00921521 883674
1030338 0.00971692 943774
1033577 0.00973279 944041
1003919 0.00946629 918742
1014822 0.00957642 930742
982330 0.00927975 890519
1002230 0.00947433 912240
1005738 0.00945721 911514
1013325 0.00956904 919744
1021797 0.00969025 924754
983469 0.0092585 893372
1026493 0.00965554 929320
1027725 0.00972687 941191
995647 0.00939871 902257
1008217 0.00948425 913830
991077 0.009317 898170
1055242 0.00996038 956619
1007429 0.00948196 917454
1004974 0.00946929 919539
1013622 0.00965779 920893
1040762 0.00985796 942949
1030135 0.00972221 939356
996742 0.00942225 910695
983030 0.00926988 892546
991722 0.00933517 897685
1018424 0.00958725 924117
996576 0.00939329 900883
1038043 0.00982004 948628
1023755 0.00963788 931508
967396 0.00913625 876701
994194 0.00942904 899574
1037899 0.00978383 939387
1037344 0.00977788 945953
982235 0.00925725 888694
1062388 0.0100073 965042
1010543 0.009511 918057
1013199 0.00952208 917097
1039013 0.00976917 944141
1040520 0.00981829 946027
1043656 0.00984296 950663
1010854 0.00953558 915295
1015063 0.00955625 922741
1054314 0.00994862 967933
1047377 0.00987042 950669
1047865 0.00990854 948106
1025942 0.00963933 930979
1033251 0.00972096 934421
1018098 0.00963983 925577
1060325 0.00999617 962922
1019954 0.00960421 926725
1016939 0.00958346 918850
1020081 0.00961087 923788
1042785 0.009808 950163
1029316 0.00972004 932592
1071885 0.0101002 969857
1015927 0.00955942 921067
1043096 0.0098385 952967
1020172 0.00960725 924322
1070687 0.0100644 968834
1015297 0.00956996 920311
1034179 0.00976229 944454
1062873 0.0100939 962161
1059423 0.00996588 967808
1049653 0.00989508 954053
1028379 0.00968258 937785
1067697 0.0100296 967670
1063575 0.0100058 965970
1033947 0.00977313 937174
1068293 0.0101687 975156
1053889 0.00991192 959766
1036723 0.00980092 943706
1080235 0.01017 977946
1006686 0.0095035 911959
1073889 0.0101345 984794
1036495 0.00976212 940560
1027192 0.00964321 930467
1044082 0.00983096 955209
1053008 0.00991975 962100
1073768 0.0100938 971031
1010777 0.00953983 914662
1075319 0.0101105 981921
1013450 0.00956654 915729
1017451 0.00956629 924311
1004998 0.00944213 906757
1071280 0.010945 980029
1008402 0.0103819 912465
1077638 0.0106104 975402
1029343 0.00967121 933408
1060487 0.00999829 967901
1028924 0.00966408 930167
1031411 0.00971892 935798
1077242 0.0101546 985999
1050721 0.00990817 958910
1044095 0.00986004 944633
1044958 0.00983962 948403
1062427 0.0100075 968228
1066222 0.0100307 963829
1038627 0.00978562 945156
1033370 0.00971867 936227
1032677 0.00971221 934320
1071781 0.0101596 976409
1047072 0.00986954 950193
1015723 0.00953433 919986
1055876 0.00992962 956022
1085703 0.0102353 982220
1033620 0.00978421 940463
1092948 0.0103622 989064
1079820 0.0101752 975558
1067370 0.0100651 972163
1048465 0.00985054 950783
1066550 0.0100578 973436
1082450 0.010187 981900
1079987 0.0102213 989269
1059791 0.0100072 967492
1068202 0.010109 963320
1024543 0.00980846 927397
1017735 0.00956804 920637
1035752 0.0098015 943961
1065506 0.010049 972711
1046390 0.00982696 945497
1057547 0.00998204 963213
1029285 0.00967342 933899
1082616 0.0101873 987163
1035515 0.00978846 944296
1075972 0.0101272 974591
1035878 0.00975846 939232
1085057 0.0102416 980992
1085217 0.010212 981251
1055193 0.00990017 958353
1061805 0.00997258 967351
1067347 0.0100445 968715
1073889 0.0100828 973669
1047884 0.00983525 946694
1025783 0.00966087 924509
1086985 0.010233 983809
1087329 0.010255 985212
1050612 0.00993233 951752
1070585 0.0100694 977771
1103477 0.0103908 999522
1092838 0.0102783 990382
1036601 0.00980729 935911
1076746 0.0101355 982566
1049645 0.00988267 951004
1057095 0.00993288 957242
1071218 0.0101322 973791
1038745 0.0098995 942512
1053233 0.00991338 960555
1044109 0.00981092 946777
1067828 0.0100708 965585
1034648 0.00973 933193
1081425 0.0101485 982469
1093369 0.0102658 986943
