35 28 3.5 2.8
18 10 1.8 1
33 26 3.3 2.6
34 30 3.4 3
31 24 3.1 2.4
19 12 1.9 1.2
35 29 3.5 2.9
21 13 2.1 1.3
30 21 3 2.1
29 22 2.9 2.2
110 94 5.5 4.7
107 90 5.35 4.5
112 96 5.6 4.8
88 71 4.4 3.55
96 78 4.8 3.9
95 78 4.75 3.9
126 111 6.3 5.55
100 84 5 4.2
105 87 5.25 4.35
89 73 4.45 3.65
239 211 7.96667 7.03333
244 219 8.13333 7.3
250 223 8.33333 7.43333
209 181 6.96667 6.03333
242 213 8.06667 7.1
231 203 7.7 6.76667
190 163 6.33333 5.43333
210 182 7 6.06667
281 253 9.36667 8.43333
228 200 7.6 6.66667
399 363 9.975 9.075
433 394 10.825 9.85
432 395 10.8 9.875
457 421 11.425 10.525
414 382 10.35 9.55
456 419 11.4 10.475
474 440 11.85 11
324 288 8.1 7.2
444 406 11.1 10.15
553 519 13.825 12.975
601 554 12.02 11.08
626 578 12.52 11.56
659 612 13.18 12.24
671 625 13.42 12.5
602 555 12.04 11.1
727 681 14.54 13.62
568 523 11.36 10.46
632 586 12.64 11.72
663 616 13.26 12.32
689 644 13.78 12.88
1066 1009 17.7667 16.8167
1026 972 17.1 16.2
994 936 16.5667 15.6
775 718 12.9167 11.9667
810 757 13.5 12.6167
841 785 14.0167 13.0833
1018 962 16.9667 16.0333
947 891 15.7833 14.85
790 734 13.1667 12.2333
879 825 14.65 13.75
1322 1258 18.8857 17.9714
1380 1314 19.7143 18.7714
1342 1277 19.1714 18.2429
1042 975 14.8857 13.9286
1221 1158 17.4429 16.5429
1125 1060 16.0714 15.1429
1217 1151 17.3857 16.4429
1318 1253 18.8286 17.9
1348 1283 19.2571 18.3286
1338 1273 19.1143 18.1857
1736 1663 21.7 20.7875
1949 1873 24.3625 23.4125
1729 1654 21.6125 20.675
1678 1604 20.975 20.05
1750 1674 21.875 20.925
1753 1680 21.9125 21
1376 1300 17.2 16.25
1629 1554 20.3625 19.425
1475 1400 18.4375 17.5
1564 1490 19.55 18.625
2026 1939 22.5111 21.5444
2276 2194 25.2889 24.3778
2193 2107 24.3667 23.4111
1945 1860 21.6111 20.6667
2150 2065 23.8889 22.9444
2324 2240 25.8222 24.8889
2078 1991 23.0889 22.1222
2114 2033 23.4889 22.5889
2204 2120 24.4889 23.5556
1825 1736 20.2778 19.2889
2725 2630 27.25 26.3
2812 2717 28.12 27.17
2474 2376 24.74 23.76
2520 2425 25.2 24.25
2202 2106 22.02 21.06
2363 2268 23.63 22.68
2608 2512 26.08 25.12
2412 2318 24.12 23.18
2505 2410 25.05 24.1
2653 2556 26.53 25.56
2697 2591 24.5182 23.5545
3088 2981 28.0727 27.1
3228 3121 29.3455 28.3727
3226 3123 29.3273 28.3909
3093 2988 28.1182 27.1636
3327 3223 30.2455 29.3
2751 2644 25.0091 24.0364
2800 2696 25.4545 24.5091
3060 2953 27.8182 26.8455
3205 3098 29.1364 28.1636
3801 3688 31.675 30.7333
3510 3400 29.25 28.3333
3441 3326 28.675 27.7167
3540 3428 29.5 28.5667
3669 3551 30.575 29.5917
3504 3392 29.2 28.2667
3761 3646 31.3417 30.3833
3457 3343 28.8083 27.8583
4074 3961 33.95 33.0083
3758 3642 31.3167 30.35
3939 3814 30.3 29.3385
4275 4154 32.8846 31.9538
4309 4186 33.1462 32.2
4726 4602 36.3538 35.4
4341 4217 33.3923 32.4385
4205 4085 32.3462 31.4231
4555 4430 35.0385 34.0769
4727 4602 36.3615 35.4
4561 4434 35.0846 34.1077
4203 4076 32.3308 31.3538
4874 4739 34.8143 33.85
4451 4316 31.7929 30.8286
4984 4849 35.6 34.6357
5119 4984 36.5643 35.6
4873 4736 34.8071 33.8286
5290 5155 37.7857 36.8214
4973 4841 35.5214 34.5786
5288 5156 37.7714 36.8286
4777 4641 34.1214 33.15
4693 4560 33.5214 32.5714
5240 5096 34.9333 33.9733
5917 5773 39.4467 38.4867
5870 5726 39.1333 38.1733
5933 5787 39.5533 38.58
5654 5509 37.6933 36.7267
6353 6207 42.3533 41.38
5713 5573 38.0867 37.1533
5771 5630 38.4733 37.5333
4979 4834 33.1933 32.2267
5549 5403 36.9933 36.02
6478 6326 40.4875 39.5375
6507 6352 40.6688 39.7
6528 6372 40.8 39.825
6508 6350 40.675 39.6875
6592 6438 41.2 40.2375
6124 5970 38.275 37.3125
6520 6367 40.75 39.7938
6119 5962 38.2437 37.2625
5813 5659 36.3312 35.3687
6622 6468 41.3875 40.425
7340 7174 43.1765 42.2
8010 7843 47.1176 46.1353
6834 6667 40.2 39.2176
6867 6700 40.3941 39.4118
7493 7324 44.0765 43.0824
7566 7403 44.5059 43.5471
7861 7699 46.2412 45.2882
7870 7704 46.2941 45.3176
7139 6974 41.9941 41.0235
7280 7118 42.8235 41.8706
8247 8072 45.8167 44.8444
7638 7464 42.4333 41.4667
7593 7415 42.1833 41.1944
8709 8534 48.3833 47.4111
8145 7972 45.25 44.2889
7798 7625 43.3222 42.3611
8425 8250 46.8056 45.8333
7898 7722 43.8778 42.9
8409 8233 46.7167 45.7389
8687 8514 48.2611 47.3
9926 9743 52.2421 51.2789
9841 9658 51.7947 50.8316
9429 9246 49.6263 48.6632
8895 8712 46.8158 45.8526
8866 8682 46.6632 45.6947
9353 9165 49.2263 48.2368
8763 8576 46.1211 45.1368
9809 9627 51.6263 50.6684
9272 9088 48.8 47.8316
9103 8921 47.9105 46.9526
9240 9046 46.2 45.23
9989 9795 49.945 48.975
9267 9072 46.335 45.36
9532 9336 47.66 46.68
10611 10419 53.055 52.095
10088 9894 50.44 49.47
10330 10137 51.65 50.685
10032 9838 50.16 49.19
10677 10484 53.385 52.42
9287 9094 46.435 45.47
