28 21 2.8 2.1
25 17 2.5 1.7
36 29 3.6 2.9
22 15 2.2 1.5
23 14 2.3 1.4
28 20 2.8 2
30 23 3 2.3
29 22 2.9 2.2
17 10 1.7 1
35 28 3.5 2.8
26 19 2.6 1.9
30 25 3 2.5
28 21 2.8 2.1
34 27 3.4 2.7
20 12 2 1.2
20 13 2 1.3
37 32 3.7 3.2
32 25 3.2 2.5
27 21 2.7 2.1
36 29 3.6 2.9
32 24 3.2 2.4
29 22 2.9 2.2
27 19 2.7 1.9
23 17 2.3 1.7
34 26 3.4 2.6
32 25 3.2 2.5
35 28 3.5 2.8
34 26 3.4 2.6
28 22 2.8 2.2
28 20 2.8 2
25 16 2.5 1.6
25 17 2.5 1.7
28 20 2.8 2
21 14 2.1 1.4
34 26 3.4 2.6
26 19 2.6 1.9
27 20 2.7 2
27 18 2.7 1.8
31 23 3.1 2.3
26 18 2.6 1.8
30 22 3 2.2
20 12 2 1.2
29 22 2.9 2.2
25 17 2.5 1.7
26 19 2.6 1.9
30 22 3 2.2
29 20 2.9 2
32 26 3.2 2.6
24 16 2.4 1.6
24 15 2.4 1.5
24 20 2.4 2
34 28 3.4 2.8
25 19 2.5 1.9
27 19 2.7 1.9
33 25 3.3 2.5
31 22 3.1 2.2
37 29 3.7 2.9
29 20 2.9 2
29 20 2.9 2
23 15 2.3 1.5
38 31 3.8 3.1
19 12 1.9 1.2
22 15 2.2 1.5
22 14 2.2 1.4
20 13 2 1.3
36 29 3.6 2.9
28 20 2.8 2
28 20 2.8 2
34 26 3.4 2.6
31 22 3.1 2.2
22 14 2.2 1.4
37 30 3.7 3
29 22 2.9 2.2
23 15 2.3 1.5
30 23 3 2.3
27 19 2.7 1.9
31 23 3.1 2.3
16 9 1.6 0.9
16 8 1.6 0.8
23 14 2.3 1.4
22 14 2.2 1.4
26 18 2.6 1.8
26 19 2.6 1.9
29 21 2.9 2.1
30 23 3 2.3
23 15 2.3 1.5
33 26 3.3 2.6
30 23 3 2.3
32 26 3.2 2.6
24 17 2.4 1.7
28 21 2.8 2.1
29 23 2.9 2.3
31 24 3.1 2.4
27 20 2.7 2
25 17 2.5 1.7
28 22 2.8 2.2
21 14 2.1 1.4
29 21 2.9 2.1
34 27 3.4 2.7
26 21 2.6 2.1
91 75 4.55 3.75
132 118 6.6 5.9
118 102 5.9 5.1
96 81 4.8 4.05
126 110 6.3 5.5
143 126 7.15 6.3
101 84 5.05 4.2
134 120 6.7 6
82 64 4.1 3.2
113 97 5.65 4.85
127 113 6.35 5.65
118 99 5.9 4.95
104 89 5.2 4.45
94 76 4.7 3.8
114 99 5.7 4.95
136 120 6.8 6
126 110 6.3 5.5
103 88 5.15 4.4
95 79 4.75 3.95
58 40 2.9 2
117 100 5.85 5
119 101 5.95 5.05
114 100 5.7 5
126 113 6.3 5.65
90 71 4.5 3.55
94 76 4.7 3.8
126 109 6.3 5.45
120 103 6 5.15
100 83 5 4.15
96 78 4.8 3.9
111 95 5.55 4.75
106 90 5.3 4.5
75 56 3.75 2.8
102 83 5.1 4.15
91 74 4.55 3.7
117 99 5.85 4.95
99 81 4.95 4.05
121 105 6.05 5.25
90 72 4.5 3.6
98 82 4.9 4.1
145 128 7.25 6.4
106 89 5.3 4.45
135 117 6.75 5.85
80 64 4 3.2
102 84 5.1 4.2
102 86 5.1 4.3
100 84 5 4.2
106 88 5.3 4.4
124 109 6.2 5.45
111 97 5.55 4.85
121 105 6.05 5.25
80 62 4 3.1
131 116 6.55 5.8
120 103 6 5.15
105 86 5.25 4.3
121 105 6.05 5.25
86 70 4.3 3.5
102 87 5.1 4.35
108 90 5.4 4.5
107 91 5.35 4.55
120 103 6 5.15
108 93 5.4 4.65
134 118 6.7 5.9
120 109 6 5.45
131 115 6.55 5.75
116 100 5.8 5
118 100 5.9 5
129 111 6.45 5.55
135 118 6.75 5.9
108 92 5.4 4.6
86 70 4.3 3.5
94 77 4.7 3.85
133 117 6.65 5.85
113 96 5.65 4.8
104 89 5.2 4.45
130 114 6.5 5.7
109 93 5.45 4.65
121 104 6.05 5.2
108 91 5.4 4.55
80 62 4 3.1
108 93 5.4 4.65
115 98 5.75 4.9
124 109 6.2 5.45
122 106 6.1 5.3
78 61 3.9 3.05
78 60 3.9 3
122 104 6.1 5.2
113 96 5.65 4.8
124 107 6.2 5.35
104 88 5.2 4.4
119 102 5.95 5.1
101 84 5.05 4.2
119 103 5.95 5.15
111 94 5.55 4.7
95 79 4.75 3.95
119 104 5.95 5.2
110 94 5.5 4.7
112 97 5.6 4.85
103 84 5.15 4.2
128 112 6.4 5.6
239 211 7.96667 7.03333
198 170 6.6 5.66667
215 188 7.16667 6.26667
229 204 7.63333 6.8
267 241 8.9 8.03333
256 228 8.53333 7.6
197 169 6.56667 5.63333
256 230 8.53333 7.66667
297 271 9.9 9.03333
233 206 7.76667 6.86667
277 252 9.23333 8.4
266 241 8.86667 8.03333
222 195 7.4 6.5
216 188 7.2 6.26667
208 182 6.93333 6.06667
229 201 7.63333 6.7
199 175 6.63333 5.83333
200 173 6.66667 5.76667
186 157 6.2 5.23333
224 199 7.46667 6.63333
233 207 7.76667 6.9
241 216 8.03333 7.2
246 220 8.2 7.33333
237 212 7.9 7.06667
266 239 8.86667 7.96667
265 241 8.83333 8.03333
212 186 7.06667 6.2
220 194 7.33333 6.46667
244 220 8.13333 7.33333
217 191 7.23333 6.36667
233 209 7.76667 6.96667
218 190 7.26667 6.33333
249 221 8.3 7.36667
265 238 8.83333 7.93333
240 215 8 7.16667
249 223 8.3 7.43333
260 233 8.66667 7.76667
238 210 7.93333 7
236 209 7.86667 6.96667
220 192 7.33333 6.4
183 156 6.1 5.2
243 215 8.1 7.16667
246 221 8.2 7.36667
240 214 8 7.13333
250 226 8.33333 7.53333
233 207 7.76667 6.9
234 207 7.8 6.9
261 236 8.7 7.86667
217 192 7.23333 6.4
242 216 8.06667 7.2
203 176 6.76667 5.86667
237 211 7.9 7.03333
258 234 8.6 7.8
221 193 7.36667 6.43333
254 231 8.46667 7.7
247 220 8.23333 7.33333
303 278 10.1 9.26667
224 196 7.46667 6.53333
225 199 7.5 6.63333
183 155 6.1 5.16667
222 195 7.4 6.5
225 196 7.5 6.53333
223 195 7.43333 6.5
253 226 8.43333 7.53333
265 241 8.83333 8.03333
258 233 8.6 7.76667
228 200 7.6 6.66667
222 195 7.4 6.5
245 220 8.16667 7.33333
236 209 7.86667 6.96667
313 289 10.4333 9.63333
224 199 7.46667 6.63333
169 142 5.63333 4.73333
242 215 8.06667 7.16667
237 208 7.9 6.93333
239 213 7.96667 7.1
198 170 6.6 5.66667
235 209 7.83333 6.96667
223 197 7.43333 6.56667
241 216 8.03333 7.2
220 193 7.33333 6.43333
253 227 8.43333 7.56667
205 178 6.83333 5.93333
218 190 7.26667 6.33333
267 242 8.9 8.06667
222 199 7.4 6.63333
236 212 7.86667 7.06667
235 208 7.83333 6.93333
285 258 9.5 8.6
256 229 8.53333 7.63333
251 226 8.36667 7.53333
262 234 8.73333 7.8
232 206 7.73333 6.86667
278 252 9.26667 8.4
222 196 7.4 6.53333
277 249 9.23333 8.3
245 221 8.16667 7.36667
264 235 8.8 7.83333
209 185 6.96667 6.16667
233 206 7.76667 6.86667
419 382 10.475 9.55
483 451 12.075 11.275
384 350 9.6 8.75
439 404 10.975 10.1
377 341 9.425 8.525
402 367 10.05 9.175
401 368 10.025 9.2
502 471 12.55 11.775
460 426 11.5 10.65
401 365 10.025 9.125
475 440 11.875 11
354 319 8.85 7.975
465 428 11.625 10.7
368 332 9.2 8.3
456 421 11.4 10.525
384 349 9.6 8.725
428 393 10.7 9.825
335 298 8.375 7.45
400 363 10 9.075
468 433 11.7 10.825
419 383 10.475 9.575
410 372 10.25 9.3
434 399 10.85 9.975
419 386 10.475 9.65
442 404 11.05 10.1
348 312 8.7 7.8
430 397 10.75 9.925
370 336 9.25 8.4
410 372 10.25 9.3
388 352 9.7 8.8
408 371 10.2 9.275
401 364 10.025 9.1
353 316 8.825 7.9
432 397 10.8 9.925
414 381 10.35 9.525
356 318 8.9 7.95
419 386 10.475 9.65
426 390 10.65 9.75
465 427 11.625 10.675
386 351 9.65 8.775
382 347 9.55 8.675
455 417 11.375 10.425
411 377 10.275 9.425
411 376 10.275 9.4
460 427 11.5 10.675
380 344 9.5 8.6
387 350 9.675 8.75
397 359 9.925 8.975
395 362 9.875 9.05
490 453 12.25 11.325
445 407 11.125 10.175
391 355 9.775 8.875
376 338 9.4 8.45
501 466 12.525 11.65
392 356 9.8 8.9
447 411 11.175 10.275
441 403 11.025 10.075
467 430 11.675 10.75
433 398 10.825 9.95
377 342 9.425 8.55
393 358 9.825 8.95
371 335 9.275 8.375
460 424 11.5 10.6
531 496 13.275 12.4
388 351 9.7 8.775
372 334 9.3 8.35
406 368 10.15 9.2
452 417 11.3 10.425
498 465 12.45 11.625
404 368 10.1 9.2
365 327 9.125 8.175
387 353 9.675 8.825
456 420 11.4 10.5
342 304 8.55 7.6
419 382 10.475 9.55
428 391 10.7 9.775
463 426 11.575 10.65
469 435 11.725 10.875
412 375 10.3 9.375
416 381 10.4 9.525
406 372 10.15 9.3
418 381 10.45 9.525
545 513 13.625 12.825
494 461 12.35 11.525
413 378 10.325 9.45
442 406 11.05 10.15
384 347 9.6 8.675
483 445 12.075 11.125
435 399 10.875 9.975
494 460 12.35 11.5
492 459 12.3 11.475
422 387 10.55 9.675
531 498 13.275 12.45
446 409 11.15 10.225
448 411 11.2 10.275
353 316 8.825 7.9
418 382 10.45 9.55
391 355 9.775 8.875
430 396 10.75 9.9
416 379 10.4 9.475
641 598 12.82 11.96
639 592 12.78 11.84
623 577 12.46 11.54
676 630 13.52 12.6
613 567 12.26 11.34
764 720 15.28 14.4
623 577 12.46 11.54
687 641 13.74 12.82
620 575 12.4 11.5
659 612 13.18 12.24
656 611 13.12 12.22
653 607 13.06 12.14
678 631 13.56 12.62
652 608 13.04 12.16
604 557 12.08 11.14
660 616 13.2 12.32
591 545 11.82 10.9
728 682 14.56 13.64
607 560 12.14 11.2
597 553 11.94 11.06
721 675 14.42 13.5
672 625 13.44 12.5
649 601 12.98 12.02
592 546 11.84 10.92
743 698 14.86 13.96
623 574 12.46 11.48
606 559 12.12 11.18
725 678 14.5 13.56
681 637 13.62 12.74
652 607 13.04 12.14
575 529 11.5 10.58
698 651 13.96 13.02
610 564 12.2 11.28
615 568 12.3 11.36
725 678 14.5 13.56
594 546 11.88 10.92
653 607 13.06 12.14
648 600 12.96 12
640 595 12.8 11.9
596 549 11.92 10.98
704 658 14.08 13.16
625 579 12.5 11.58
526 479 10.52 9.58
624 575 12.48 11.5
717 673 14.34 13.46
601 552 12.02 11.04
701 656 14.02 13.12
493 447 9.86 8.94
710 664 14.2 13.28
606 558 12.12 11.16
598 551 11.96 11.02
677 631 13.54 12.62
677 634 13.54 12.68
728 683 14.56 13.66
615 569 12.3 11.38
782 736 15.64 14.72
693 648 13.86 12.96
696 651 13.92 13.02
666 618 13.32 12.36
688 644 13.76 12.88
667 620 13.34 12.4
711 668 14.22 13.36
651 605 13.02 12.1
658 611 13.16 12.22
614 567 12.28 11.34
681 637 13.62 12.74
630 584 12.6 11.68
635 590 12.7 11.8
713 669 14.26 13.38
656 611 13.12 12.22
580 536 11.6 10.72
692 644 13.84 12.88
709 662 14.18 13.24
754 712 15.08 14.24
643 599 12.86 11.98
611 567 12.22 11.34
679 632 13.58 12.64
519 472 10.38 9.44
710 664 14.2 13.28
669 625 13.38 12.5
690 646 13.8 12.92
632 586 12.64 11.72
724 677 14.48 13.54
550 503 11 10.06
723 680 14.46 13.6
705 661 14.1 13.22
712 668 14.24 13.36
597 551 11.94 11.02
679 635 13.58 12.7
726 682 14.52 13.64
605 560 12.1 11.2
729 683 14.58 13.66
776 730 15.52 14.6
656 612 13.12 12.24
685 640 13.7 12.8
580 531 11.6 10.62
574 526 11.48 10.52
618 571 12.36 11.42
809 766 16.18 15.32
632 588 12.64 11.76
905 849 15.0833 14.15
854 799 14.2333 13.3167
937 881 15.6167 14.6833
716 661 11.9333 11.0167
1025 967 17.0833 16.1167
1004 947 16.7333 15.7833
908 850 15.1333 14.1667
996 938 16.6 15.6333
1036 979 17.2667 16.3167
811 755 13.5167 12.5833
1073 1020 17.8833 17
988 932 16.4667 15.5333
853 795 14.2167 13.25
896 839 14.9333 13.9833
1007 948 16.7833 15.8
908 854 15.1333 14.2333
860 805 14.3333 13.4167
826 770 13.7667 12.8333
903 849 15.05 14.15
961 905 16.0167 15.0833
1109 1055 18.4833 17.5833
852 795 14.2 13.25
1062 1008 17.7 16.8
747 690 12.45 11.5
970 917 16.1667 15.2833
946 891 15.7667 14.85
958 904 15.9667 15.0667
1041 987 17.35 16.45
965 910 16.0833 15.1667
900 843 15 14.05
939 881 15.65 14.6833
851 793 14.1833 13.2167
950 892 15.8333 14.8667
886 828 14.7667 13.8
921 866 15.35 14.4333
974 920 16.2333 15.3333
1066 1012 17.7667 16.8667
1025 973 17.0833 16.2167
800 746 13.3333 12.4333
876 818 14.6 13.6333
784 727 13.0667 12.1167
921 865 15.35 14.4167
846 791 14.1 13.1833
752 695 12.5333 11.5833
988 932 16.4667 15.5333
965 911 16.0833 15.1833
882 826 14.7 13.7667
909 856 15.15 14.2667
918 862 15.3 14.3667
924 869 15.4 14.4833
1041 987 17.35 16.45
837 782 13.95 13.0333
1124 1069 18.7333 17.8167
1012 955 16.8667 15.9167
835 777 13.9167 12.95
941 887 15.6833 14.7833
883 827 14.7167 13.7833
935 880 15.5833 14.6667
955 900 15.9167 15
914 858 15.2333 14.3
950 894 15.8333 14.9
919 865 15.3167 14.4167
828 772 13.8 12.8667
1113 1058 18.55 17.6333
893 839 14.8833 13.9833
840 786 14 13.1
912 855 15.2 14.25
804 748 13.4 12.4667
947 893 15.7833 14.8833
839 783 13.9833 13.05
966 910 16.1 15.1667
966 913 16.1 15.2167
1026 969 17.1 16.15
974 920 16.2333 15.3333
896 840 14.9333 14
922 866 15.3667 14.4333
798 741 13.3 12.35
851 795 14.1833 13.25
1004 951 16.7333 15.85
964 909 16.0667 15.15
894 838 14.9 13.9667
910 855 15.1667 14.25
955 898 15.9167 14.9667
797 740 13.2833 12.3333
1075 1020 17.9167 17
809 753 13.4833 12.55
1099 1042 18.3167 17.3667
861 802 14.35 13.3667
879 824 14.65 13.7333
967 910 16.1167 15.1667
812 757 13.5333 12.6167
896 838 14.9333 13.9667
933 877 15.55 14.6167
884 829 14.7333 13.8167
1013 961 16.8833 16.0167
850 792 14.1667 13.2
803 746 13.3833 12.4333
977 924 16.2833 15.4
1039 986 17.3167 16.4333
970 915 16.1667 15.25
1168 1103 16.6857 15.7571
1303 1238 18.6143 17.6857
1285 1220 18.3571 17.4286
1208 1143 17.2571 16.3286
1116 1050 15.9429 15
1168 1101 16.6857 15.7286
1350 1282 19.2857 18.3143
1291 1228 18.4429 17.5429
1216 1152 17.3714 16.4571
1254 1187 17.9143 16.9571
1274 1207 18.2 17.2429
1203 1139 17.1857 16.2714
1276 1208 18.2286 17.2571
1199 1134 17.1286 16.2
1247 1181 17.8143 16.8714
1188 1125 16.9714 16.0714
1166 1102 16.6571 15.7429
1222 1156 17.4571 16.5143
1006 942 14.3714 13.4571
1222 1156 17.4571 16.5143
1114 1049 15.9143 14.9857
1217 1151 17.3857 16.4429
1450 1385 20.7143 19.7857
1189 1123 16.9857 16.0429
1255 1190 17.9286 17
1343 1280 19.1857 18.2857
1287 1221 18.3857 17.4429
1302 1239 18.6 17.7
1434 1368 20.4857 19.5429
1371 1305 19.5857 18.6429
1186 1118 16.9429 15.9714
1423 1359 20.3286 19.4143
1316 1251 18.8 17.8714
1202 1136 17.1714 16.2286
1299 1231 18.5571 17.5857
1198 1133 17.1143 16.1857
1361 1296 19.4429 18.5143
1244 1177 17.7714 16.8143
1134 1074 16.2 15.3429
1260 1194 18 17.0571
1320 1257 18.8571 17.9571
1305 1238 18.6429 17.6857
1430 1367 20.4286 19.5286
1198 1132 17.1143 16.1714
1260 1197 18 17.1
1405 1344 20.0714 19.2
1237 1173 17.6714 16.7571
1200 1133 17.1429 16.1857
1255 1190 17.9286 17
1249 1183 17.8429 16.9
1263 1197 18.0429 17.1
1279 1215 18.2714 17.3571
1318 1250 18.8286 17.8571
1373 1308 19.6143 18.6857
1430 1366 20.4286 19.5143
1330 1268 19 18.1143
1197 1131 17.1 16.1571
1088 1025 15.5429 14.6429
1196 1128 17.0857 16.1143
1287 1222 18.3857 17.4571
1254 1191 17.9143 17.0143
1181 1113 16.8714 15.9
1322 1257 18.8857 17.9571
1149 1082 16.4143 15.4571
1246 1181 17.8 16.8714
1293 1226 18.4714 17.5143
1187 1120 16.9571 16
1040 975 14.8571 13.9286
1189 1124 16.9857 16.0571
1392 1329 19.8857 18.9857
1427 1365 20.3857 19.5
1282 1217 18.3143 17.3857
1068 1001 15.2571 14.3
1353 1288 19.3286 18.4
1109 1044 15.8429 14.9143
1107 1043 15.8143 14.9
1331 1265 19.0143 18.0714
1331 1264 19.0143 18.0571
1355 1289 19.3571 18.4143
1279 1213 18.2714 17.3286
1295 1226 18.5 17.5143
1218 1152 17.4 16.4571
1288 1225 18.4 17.5
1250 1185 17.8571 16.9286
1195 1131 17.0714 16.1571
1071 1005 15.3 14.3571
1173 1105 16.7571 15.7857
1229 1161 17.5571 16.5857
1236 1167 17.6571 16.6714
1310 1243 18.7143 17.7571
1315 1251 18.7857 17.8714
1230 1165 17.5714 16.6429
1279 1214 18.2714 17.3429
1267 1201 18.1 17.1571
1413 1347 20.1857 19.2429
1182 1118 16.8857 15.9714
1395 1329 19.9286 18.9857
1282 1218 18.3143 17.4
1342 1278 19.1714 18.2571
1241 1175 17.7286 16.7857
1679 1604 20.9875 20.05
1691 1617 21.1375 20.2125
1739 1661 21.7375 20.7625
1662 1585 20.775 19.8125
1626 1547 20.325 19.3375
1787 1714 22.3375 21.425
1746 1668 21.825 20.85
1819 1746 22.7375 21.825
1382 1306 17.275 16.325
1687 1611 21.0875 20.1375
1615 1539 20.1875 19.2375
1683 1605 21.0375 20.0625
1624 1549 20.3 19.3625
1505 1433 18.8125 17.9125
1855 1778 23.1875 22.225
1524 1449 19.05 18.1125
1760 1685 22 21.0625
1593 1516 19.9125 18.95
1611 1537 20.1375 19.2125
1724 1649 21.55 20.6125
1527 1456 19.0875 18.2
1617 1542 20.2125 19.275
1792 1722 22.4 21.525
1701 1628 21.2625 20.35
1724 1649 21.55 20.6125
1848 1772 23.1 22.15
1605 1529 20.0625 19.1125
1665 1587 20.8125 19.8375
1644 1568 20.55 19.6
1657 1580 20.7125 19.75
1510 1436 18.875 17.95
1599 1521 19.9875 19.0125
1672 1597 20.9 19.9625
1776 1700 22.2 21.25
1675 1599 20.9375 19.9875
1916 1840 23.95 23
1386 1310 17.325 16.375
1669 1591 20.8625 19.8875
1557 1479 19.4625 18.4875
1674 1599 20.925 19.9875
1794 1720 22.425 21.5
1681 1604 21.0125 20.05
1779 1703 22.2375 21.2875
1682 1607 21.025 20.0875
1501 1424 18.7625 17.8
1608 1532 20.1 19.15
1664 1591 20.8 19.8875
1647 1574 20.5875 19.675
1632 1559 20.4 19.4875
1478 1403 18.475 17.5375
1378 1303 17.225 16.2875
1581 1504 19.7625 18.8
1895 1821 23.6875 22.7625
1531 1456 19.1375 18.2
1563 1485 19.5375 18.5625
1652 1576 20.65 19.7
1557 1483 19.4625 18.5375
1709 1636 21.3625 20.45
1497 1420 18.7125 17.75
1914 1839 23.925 22.9875
1481 1406 18.5125 17.575
1515 1438 18.9375 17.975
1962 1888 24.525 23.6
1568 1492 19.6 18.65
1650 1573 20.625 19.6625
1803 1726 22.5375 21.575
1746 1672 21.825 20.9
1657 1584 20.7125 19.8
1845 1769 23.0625 22.1125
1416 1342 17.7 16.775
1578 1503 19.725 18.7875
1708 1633 21.35 20.4125
1688 1612 21.1 20.15
1686 1611 21.075 20.1375
1711 1637 21.3875 20.4625
1734 1660 21.675 20.75
1762 1684 22.025 21.05
1448 1372 18.1 17.15
1675 1600 20.9375 20
1575 1501 19.6875 18.7625
1456 1382 18.2 17.275
1538 1464 19.225 18.3
1678 1602 20.975 20.025
1715 1640 21.4375 20.5
1653 1577 20.6625 19.7125
1690 1614 21.125 20.175
1600 1524 20 19.05
1501 1424 18.7625 17.8
1590 1514 19.875 18.925
1563 1485 19.5375 18.5625
1733 1655 21.6625 20.6875
1556 1482 19.45 18.525
1548 1472 19.35 18.4
1740 1667 21.75 20.8375
1633 1559 20.4125 19.4875
1490 1414 18.625 17.675
1736 1660 21.7 20.75
1687 1612 21.0875 20.15
1501 1424 18.7625 17.8
1802 1726 22.525 21.575
2098 2015 23.3111 22.3889
2089 2004 23.2111 22.2667
2104 2018 23.3778 22.4222
1966 1882 21.8444 20.9111
2119 2034 23.5444 22.6
2012 1928 22.3556 21.4222
1859 1774 20.6556 19.7111
2014 1926 22.3778 21.4
1958 1873 21.7556 20.8111
2146 2063 23.8444 22.9222
2031 1946 22.5667 21.6222
2247 2163 24.9667 24.0333
2087 2001 23.1889 22.2333
2139 2057 23.7667 22.8556
2016 1930 22.4 21.4444
2119 2036 23.5444 22.6222
2045 1960 22.7222 21.7778
2001 1917 22.2333 21.3
2244 2158 24.9333 23.9778
2139 2055 23.7667 22.8333
2119 2039 23.5444 22.6556
2199 2111 24.4333 23.4556
2040 1953 22.6667 21.7
2212 2129 24.5778 23.6556
2128 2041 23.6444 22.6778
2006 1920 22.2889 21.3333
2408 2327 26.7556 25.8556
2042 1957 22.6889 21.7444
2248 2163 24.9778 24.0333
2192 2109 24.3556 23.4333
2300 2221 25.5556 24.6778
1783 1698 19.8111 18.8667
2413 2330 26.8111 25.8889
2044 1959 22.7111 21.7667
1796 1709 19.9556 18.9889
1948 1864 21.6444 20.7111
2058 1971 22.8667 21.9
2079 1998 23.1 22.2
1886 1800 20.9556 20
2133 2048 23.7 22.7556
1875 1791 20.8333 19.9
2225 2139 24.7222 23.7667
2134 2051 23.7111 22.7889
2202 2116 24.4667 23.5111
2124 2037 23.6 22.6333
1942 1857 21.5778 20.6333
2125 2040 23.6111 22.6667
2265 2179 25.1667 24.2111
1930 1846 21.4444 20.5111
2276 2190 25.2889 24.3333
2139 2056 23.7667 22.8444
2017 1933 22.4111 21.4778
2284 2197 25.3778 24.4111
1953 1866 21.7 20.7333
2170 2086 24.1111 23.1778
2135 2053 23.7222 22.8111
1982 1896 22.0222 21.0667
2311 2225 25.6778 24.7222
1975 1895 21.9444 21.0556
1925 1840 21.3889 20.4444
2162 2080 24.0222 23.1111
2274 2189 25.2667 24.3222
2081 1996 23.1222 22.1778
2000 1914 22.2222 21.2667
1786 1700 19.8444 18.8889
2357 2274 26.1889 25.2667
2272 2186 25.2444 24.2889
2175 2088 24.1667 23.2
2241 2156 24.9 23.9556
2125 2039 23.6111 22.6556
1932 1845 21.4667 20.5
2214 2129 24.6 23.6556
2092 2006 23.2444 22.2889
2178 2093 24.2 23.2556
2269 2184 25.2111 24.2667
2097 2012 23.3 22.3556
2081 1997 23.1222 22.1889
2178 2094 24.2 23.2667
1952 1868 21.6889 20.7556
2013 1927 22.3667 21.4111
2124 2041 23.6 22.6778
2045 1962 22.7222 21.8
2285 2198 25.3889 24.4222
1912 1825 21.2444 20.2778
2054 1972 22.8222 21.9111
2147 2059 23.8556 22.8778
2212 2125 24.5778 23.6111
1928 1843 21.4222 20.4778
2136 2053 23.7333 22.8111
2172 2084 24.1333 23.1556
2126 2041 23.6222 22.6778
1940 1858 21.5556 20.6444
2207 2121 24.5222 23.5667
2103 2020 23.3667 22.4444
2121 2036 23.5667 22.6222
2034 1948 22.6 21.6444
2203 2119 24.4778 23.5444
1931 1845 21.4556 20.5
1946 1859 21.6222 20.6556
2043 1957 22.7 21.7444
2442 2347 24.42 23.47
2705 2610 27.05 26.1
2512 2417 25.12 24.17
2728 2632 27.28 26.32
2791 2697 27.91 26.97
3001 2903 30.01 29.03
2674 2580 26.74 25.8
2586 2496 25.86 24.96
2592 2498 25.92 24.98
2486 2391 24.86 23.91
2715 2622 27.15 26.22
2882 2788 28.82 27.88
2824 2728 28.24 27.28
2441 2348 24.41 23.48
2523 2429 25.23 24.29
2534 2437 25.34 24.37
2975 2880 29.75 28.8
2377 2281 23.77 22.81
2669 2571 26.69 25.71
2443 2345 24.43 23.45
2807 2711 28.07 27.11
2455 2359 24.55 23.59
2504 2405 25.04 24.05
2368 2276 23.68 22.76
2605 2511 26.05 25.11
2264 2172 22.64 21.72
2752 2658 27.52 26.58
2447 2353 24.47 23.53
2774 2678 27.74 26.78
2765 2669 27.65 26.69
2558 2464 25.58 24.64
2979 2883 29.79 28.83
2549 2453 25.49 24.53
2626 2533 26.26 25.33
2552 2459 25.52 24.59
2737 2643 27.37 26.43
2750 2654 27.5 26.54
2506 2412 25.06 24.12
2643 2548 26.43 25.48
2527 2431 25.27 24.31
2520 2426 25.2 24.26
2484 2387 24.84 23.87
2512 2415 25.12 24.15
2551 2457 25.51 24.57
2578 2484 25.78 24.84
2815 2722 28.15 27.22
2294 2200 22.94 22
2732 2638 27.32 26.38
2715 2622 27.15 26.22
2869 2776 28.69 27.76
2448 2352 24.48 23.52
2777 2679 27.77 26.79
2409 2312 24.09 23.12
2462 2369 24.62 23.69
2511 2414 25.11 24.14
2829 2735 28.29 27.35
2280 2186 22.8 21.86
2395 2297 23.95 22.97
2616 2523 26.16 25.23
2593 2497 25.93 24.97
2764 2671 27.64 26.71
2280 2184 22.8 21.84
2644 2550 26.44 25.5
2205 2110 22.05 21.1
2485 2390 24.85 23.9
2301 2207 23.01 22.07
2625 2533 26.25 25.33
2455 2358 24.55 23.58
2746 2648 27.46 26.48
2591 2497 25.91 24.97
2606 2509 26.06 25.09
2670 2577 26.7 25.77
2241 2147 22.41 21.47
2298 2199 22.98 21.99
2612 2517 26.12 25.17
2392 2297 23.92 22.97
2594 2500 25.94 25
2323 2231 23.23 22.31
2390 2297 23.9 22.97
2597 2501 25.97 25.01
2400 2302 24 23.02
2462 2366 24.62 23.66
2626 2534 26.26 25.34
2655 2560 26.55 25.6
2649 2555 26.49 25.55
2540 2442 25.4 24.42
2597 2501 25.97 25.01
2759 2662 27.59 26.62
2556 2465 25.56 24.65
2678 2584 26.78 25.84
2615 2522 26.15 25.22
2617 2519 26.17 25.19
2662 2567 26.62 25.67
2396 2299 23.96 22.99
2578 2487 25.78 24.87
2497 2400 24.97 24
2386 2290 23.86 22.9
2578 2482 25.78 24.82
2121 2026 21.21 20.26
2599 2509 25.99 25.09
3000 2894 27.2727 26.3091
3064 2960 27.8545 26.9091
2992 2886 27.2 26.2364
3170 3066 28.8182 27.8727
3146 3042 28.6 27.6545
3048 2942 27.7091 26.7455
3011 2903 27.3727 26.3909
3154 3047 28.6727 27.7
3026 2920 27.5091 26.5455
3186 3085 28.9636 28.0455
3322 3218 30.2 29.2545
3159 3052 28.7182 27.7455
3429 3325 31.1727 30.2273
3071 2964 27.9182 26.9455
3136 3032 28.5091 27.5636
3257 3153 29.6091 28.6636
3374 3270 30.6727 29.7273
3046 2942 27.6909 26.7455
3598 3493 32.7091 31.7545
3166 3060 28.7818 27.8182
3310 3204 30.0909 29.1273
3288 3183 29.8909 28.9364
2912 2808 26.4727 25.5273
3102 2997 28.2 27.2455
3315 3211 30.1364 29.1909
3144 3038 28.5818 27.6182
3031 2926 27.5545 26.6
2975 2869 27.0455 26.0818
2818 2711 25.6182 24.6455
3019 2916 27.4455 26.5091
2703 2597 24.5727 23.6091
3011 2904 27.3727 26.4
3195 3091 29.0455 28.1
3076 2970 27.9636 27
2999 2895 27.2636 26.3182
3243 3136 29.4818 28.5091
3067 2964 27.8818 26.9455
3270 3167 29.7273 28.7909
3280 3173 29.8182 28.8455
3167 3061 28.7909 27.8273
3238 3134 29.4364 28.4909
3130 3025 28.4545 27.5
3164 3058 28.7636 27.8
3038 2931 27.6182 26.6455
3197 3089 29.0636 28.0818
3130 3024 28.4545 27.4909
3291 3187 29.9182 28.9727
3062 2954 27.8364 26.8545
3183 3078 28.9364 27.9818
3100 2996 28.1818 27.2364
3377 3273 30.7 29.7545
3086 2980 28.0545 27.0909
2987 2879 27.1545 26.1727
3616 3510 32.8727 31.9091
3166 3060 28.7818 27.8182
3288 3181 29.8909 28.9182
3057 2950 27.7909 26.8182
3109 3004 28.2636 27.3091
3292 3186 29.9273 28.9636
3458 3352 31.4364 30.4727
3087 2979 28.0636 27.0818
2807 2703 25.5182 24.5727
3070 2964 27.9091 26.9455
3352 3246 30.4727 29.5091
2917 2810 26.5182 25.5455
3333 3225 30.3 29.3182
3165 3062 28.7727 27.8364
3524 3418 32.0364 31.0727
3301 3195 30.0091 29.0455
2890 2783 26.2727 25.3
3201 3096 29.1 28.1455
3297 3191 29.9727 29.0091
2960 2855 26.9091 25.9545
3473 3370 31.5727 30.6364
3040 2935 27.6364 26.6818
3096 2990 28.1455 27.1818
3302 3194 30.0182 29.0364
2977 2872 27.0636 26.1091
3022 2915 27.4727 26.5
3304 3197 30.0364 29.0636
3092 2988 28.1091 27.1636
3266 3163 29.6909 28.7545
2968 2865 26.9818 26.0455
2973 2869 27.0273 26.0818
2993 2889 27.2091 26.2636
3647 3539 33.1545 32.1727
2965 2859 26.9545 25.9909
3177 3072 28.8818 27.9273
3179 3073 28.9 27.9364
3115 3011 28.3182 27.3727
3488 3383 31.7091 30.7545
2909 2804 26.4455 25.4909
3641 3535 33.1 32.1364
3453 3347 31.3909 30.4273
3372 3271 30.6545 29.7364
2988 2882 27.1636 26.2
2872 2768 26.1091 25.1636
3027 2923 27.5182 26.5727
3213 3107 29.2091 28.2455
3253 3147 29.5727 28.6091
3470 3357 28.9167 27.975
3706 3593 30.8833 29.9417
3663 3546 30.525 29.55
3727 3612 31.0583 30.1
4073 3959 33.9417 32.9917
3579 3465 29.825 28.875
3527 3416 29.3917 28.4667
3615 3501 30.125 29.175
3938 3823 32.8167 31.8583
3721 3605 31.0083 30.0417
3710 3599 30.9167 29.9917
3541 3424 29.5083 28.5333
3956 3846 32.9667 32.05
3638 3524 30.3167 29.3667
3625 3511 30.2083 29.2583
3124 3008 26.0333 25.0667
3545 3429 29.5417 28.575
3696 3580 30.8 29.8333
3417 3300 28.475 27.5
3895 3781 32.4583 31.5083
3511 3396 29.2583 28.3
3681 3563 30.675 29.6917
3466 3352 28.8833 27.9333
3984 3870 33.2 32.25
3794 3677 31.6167 30.6417
3534 3415 29.45 28.4583
3700 3585 30.8333 29.875
3606 3491 30.05 29.0917
3754 3641 31.2833 30.3417
3778 3661 31.4833 30.5083
3575 3463 29.7917 28.8583
3920 3807 32.6667 31.725
3350 3237 27.9167 26.975
4186 4069 34.8833 33.9083
3879 3768 32.325 31.4
3447 3332 28.725 27.7667
3520 3405 29.3333 28.375
3735 3619 31.125 30.1583
3287 3169 27.3917 26.4083
3620 3503 30.1667 29.1917
3585 3469 29.875 28.9083
3836 3721 31.9667 31.0083
3480 3365 29 28.0417
3553 3437 29.6083 28.6417
3381 3266 28.175 27.2167
3600 3487 30 29.0583
3418 3301 28.4833 27.5083
3509 3394 29.2417 28.2833
3840 3725 32 31.0417
3767 3650 31.3917 30.4167
3729 3616 31.075 30.1333
3581 3467 29.8417 28.8917
3755 3639 31.2917 30.325
4056 3943 33.8 32.8583
3274 3157 27.2833 26.3083
3960 3843 33 32.025
3119 3007 25.9917 25.0583
3583 3468 29.8583 28.9
3430 3314 28.5833 27.6167
3899 3785 32.4917 31.5417
4061 3946 33.8417 32.8833
3740 3624 31.1667 30.2
3361 3246 28.0083 27.05
3369 3255 28.075 27.125
3224 3109 26.8667 25.9083
4005 3888 33.375 32.4
3610 3495 30.0833 29.125
3428 3312 28.5667 27.6
3412 3300 28.4333 27.5
3784 3670 31.5333 30.5833
3500 3385 29.1667 28.2083
3811 3700 31.7583 30.8333
4049 3935 33.7417 32.7917
3170 3055 26.4167 25.4583
3592 3474 29.9333 28.95
3476 3360 28.9667 28
3749 3634 31.2417 30.2833
3502 3386 29.1833 28.2167
3698 3582 30.8167 29.85
3616 3499 30.1333 29.1583
3333 3218 27.775 26.8167
4027 3916 33.5583 32.6333
3540 3426 29.5 28.55
3736 3624 31.1333 30.2
4043 3930 33.6917 32.75
3620 3505 30.1667 29.2083
3761 3648 31.3417 30.4
3753 3640 31.275 30.3333
3803 3688 31.6917 30.7333
3822 3708 31.85 30.9
3413 3299 28.4417 27.4917
3473 3359 28.9417 27.9917
3981 3866 33.175 32.2167
3366 3250 28.05 27.0833
3765 3652 31.375 30.4333
3334 3217 27.7833 26.8083
3603 3488 30.025 29.0667
3808 3694 31.7333 30.7833
3724 3608 31.0333 30.0667
3647 3533 30.3917 29.4417
4372 4247 33.6308 32.6692
3847 3724 29.5923 28.6462
4233 4106 32.5615 31.5846
4070 3944 31.3077 30.3385
3959 3833 30.4538 29.4846
4664 4539 35.8769 34.9154
4294 4168 33.0308 32.0615
4450 4330 34.2308 33.3077
4400 4275 33.8462 32.8846
4309 4185 33.1462 32.1923
4206 4081 32.3538 31.3923
4322 4198 33.2462 32.2923
4267 4141 32.8231 31.8538
4554 4432 35.0308 34.0923
4475 4349 34.4231 33.4538
4713 4589 36.2538 35.3
4275 4152 32.8846 31.9385
4676 4552 35.9692 35.0154
4381 4256 33.7 32.7385
4200 4076 32.3077 31.3538
4311 4186 33.1615 32.2
4177 4053 32.1308 31.1769
4328 4200 33.2923 32.3077
4798 4675 36.9077 35.9615
4435 4311 34.1154 33.1615
4762 4637 36.6308 35.6692
4494 4369 34.5692 33.6077
4446 4320 34.2 33.2308
4528 4403 34.8308 33.8692
3915 3788 30.1154 29.1385
4158 4033 31.9846 31.0231
4073 3950 31.3308 30.3846
4255 4129 32.7308 31.7615
4281 4159 32.9308 31.9923
4355 4231 33.5 32.5462
4432 4308 34.0923 33.1385
4330 4206 33.3077 32.3538
4211 4088 32.3923 31.4462
4275 4147 32.8846 31.9
4417 4293 33.9769 33.0231
4573 4450 35.1769 34.2308
4523 4402 34.7923 33.8615
4412 4289 33.9385 32.9923
4382 4256 33.7077 32.7385
4602 4477 35.4 34.4385
4206 4079 32.3538 31.3769
4894 4770 37.6462 36.6923
4277 4152 32.9 31.9385
4037 3911 31.0538 30.0846
4163 4036 32.0231 31.0462
4076 3952 31.3538 30.4
4854 4726 37.3385 36.3538
4032 3910 31.0154 30.0769
3879 3756 29.8385 28.8923
4063 3941 31.2538 30.3154
4241 4115 32.6231 31.6538
4281 4157 32.9308 31.9769
4227 4101 32.5154 31.5462
4356 4229 33.5077 32.5308
4298 4169 33.0615 32.0692
4698 4572 36.1385 35.1692
4521 4396 34.7769 33.8154
4535 4409 34.8846 33.9154
4289 4168 32.9923 32.0615
4067 3942 31.2846 30.3231
4484 4361 34.4923 33.5462
3927 3803 30.2077 29.2538
4063 3943 31.2538 30.3308
4328 4203 33.2923 32.3308
4343 4215 33.4077 32.4231
3976 3852 30.5846 29.6308
4582 4459 35.2462 34.3
4632 4508 35.6308 34.6769
4350 4226 33.4615 32.5077
4400 4272 33.8462 32.8615
4455 4330 34.2692 33.3077
4277 4153 32.9 31.9462
4112 3990 31.6308 30.6923
4510 4383 34.6923 33.7154
4662 4538 35.8615 34.9077
4258 4133 32.7538 31.7923
4610 4483 35.4615 34.4846
4498 4374 34.6 33.6462
4370 4242 33.6154 32.6308
4591 4468 35.3154 34.3692
4452 4326 34.2462 33.2769
4913 4786 37.7923 36.8154
4208 4081 32.3692 31.3923
4272 4146 32.8615 31.8923
4405 4279 33.8846 32.9154
4317 4194 33.2077 32.2615
4479 4358 34.4538 33.5231
4105 3980 31.5769 30.6154
4156 4032 31.9692 31.0154
4524 4397 34.8 33.8231
4624 4500 35.5692 34.6154
4292 4167 33.0154 32.0538
4323 4201 33.2538 32.3154
4383 4257 33.7154 32.7462
3896 3774 29.9692 29.0308
4933 4799 35.2357 34.2786
4592 4459 32.8 31.85
5660 5529 40.4286 39.4929
4218 4081 30.1286 29.15
5183 5050 37.0214 36.0714
4724 4589 33.7429 32.7786
5434 5302 38.8143 37.8714
5078 4943 36.2714 35.3071
5313 5177 37.95 36.9786
5092 4958 36.3714 35.4143
4989 4856 35.6357 34.6857
4432 4298 31.6571 30.7
4896 4760 34.9714 34
5179 5044 36.9929 36.0286
4894 4757 34.9571 33.9786
5114 4980 36.5286 35.5714
4601 4463 32.8643 31.8786
4701 4565 33.5786 32.6071
5026 4892 35.9 34.9429
4597 4460 32.8357 31.8571
5267 5136 37.6214 36.6857
4993 4857 35.6643 34.6929
4630 4496 33.0714 32.1143
4915 4783 35.1071 34.1643
5024 4889 35.8857 34.9214
5084 4949 36.3143 35.35
4799 4664 34.2786 33.3143
5316 5182 37.9714 37.0143
4658 4522 33.2714 32.3
4996 4859 35.6857 34.7071
5681 5545 40.5786 39.6071
4610 4478 32.9286 31.9857
5228 5094 37.3429 36.3857
5215 5076 37.25 36.2571
5397 5266 38.55 37.6143
5077 4943 36.2643 35.3071
4978 4845 35.5571 34.6071
5046 4918 36.0429 35.1286
5257 5121 37.55 36.5786
5211 5074 37.2214 36.2429
5171 5035 36.9357 35.9643
4500 4364 32.1429 31.1714
5103 4969 36.45 35.4929
5244 5106 37.4571 36.4714
4663 4528 33.3071 32.3429
5459 5323 38.9929 38.0214
5055 4922 36.1071 35.1571
4636 4500 33.1143 32.1429
4634 4496 33.1 32.1143
4342 4205 31.0143 30.0357
4962 4828 35.4429 34.4857
5212 5075 37.2286 36.25
4930 4795 35.2143 34.25
5181 5048 37.0071 36.0571
4880 4750 34.8571 33.9286
5013 4880 35.8071 34.8571
4955 4816 35.3929 34.4
4940 4805 35.2857 34.3214
4418 4284 31.5571 30.6
5138 5001 36.7 35.7214
5398 5261 38.5571 37.5786
4152 4015 29.6571 28.6786
4769 4633 34.0643 33.0929
4879 4745 34.85 33.8929
4786 4651 34.1857 33.2214
4724 4587 33.7429 32.7643
4526 4392 32.3286 31.3714
4857 4724 34.6929 33.7429
5114 4977 36.5286 35.55
4556 4422 32.5429 31.5857
5008 4875 35.7714 34.8214
4773 4638 34.0929 33.1286
4798 4664 34.2714 33.3143
5231 5097 37.3643 36.4071
5252 5116 37.5143 36.5429
4829 4696 34.4929 33.5429
5088 4952 36.3429 35.3714
4496 4361 32.1143 31.15
4592 4453 32.8 31.8071
5079 4943 36.2786 35.3071
4869 4739 34.7786 33.85
4592 4458 32.8 31.8429
5673 5538 40.5214 39.5571
5138 5004 36.7 35.7429
4965 4831 35.4643 34.5071
5162 5028 36.8714 35.9143
4704 4567 33.6 32.6214
4978 4845 35.5571 34.6071
4664 4527 33.3143 32.3357
4431 4299 31.65 30.7071
5003 4868 35.7357 34.7714
5080 4944 36.2857 35.3143
4560 4428 32.5714 31.6286
5240 5105 37.4286 36.4643
4831 4699 34.5071 33.5643
4498 4360 32.1286 31.1429
5205 5068 37.1786 36.2
5061 4928 36.15 35.2
5156 5021 36.8286 35.8643
5171 5035 36.9357 35.9643
5884 5738 39.2267 38.2533
5374 5229 35.8267 34.86
5684 5542 37.8933 36.9467
5987 5840 39.9133 38.9333
5528 5384 36.8533 35.8933
5722 5575 38.1467 37.1667
5732 5589 38.2133 37.26
5460 5316 36.4 35.44
5265 5122 35.1 34.1467
5563 5421 37.0867 36.14
5788 5645 38.5867 37.6333
5615 5473 37.4333 36.4867
5172 5026 34.48 33.5067
5811 5666 38.74 37.7733
5752 5605 38.3467 37.3667
5998 5851 39.9867 39.0067
5390 5245 35.9333 34.9667
5758 5616 38.3867 37.44
5621 5476 37.4733 36.5067
5588 5443 37.2533 36.2867
5632 5487 37.5467 36.58
5633 5486 37.5533 36.5733
5585 5442 37.2333 36.28
6107 5962 40.7133 39.7467
5963 5819 39.7533 38.7933
6185 6040 41.2333 40.2667
6119 5975 40.7933 39.8333
5431 5286 36.2067 35.24
5693 5547 37.9533 36.98
6392 6245 42.6133 41.6333
5693 5549 37.9533 36.9933
5902 5761 39.3467 38.4067
5970 5826 39.8 38.84
5995 5847 39.9667 38.98
5628 5483 37.52 36.5533
5559 5414 37.06 36.0933
5584 5439 37.2267 36.26
6013 5866 40.0867 39.1067
5770 5623 38.4667 37.4867
5729 5583 38.1933 37.22
5557 5411 37.0467 36.0733
5647 5505 37.6467 36.7
5465 5320 36.4333 35.4667
5514 5372 36.76 35.8133
5395 5248 35.9667 34.9867
5915 5772 39.4333 38.48
5726 5583 38.1733 37.22
6075 5931 40.5 39.54
5576 5431 37.1733 36.2067
5864 5717 39.0933 38.1133
5603 5460 37.3533 36.4
5660 5515 37.7333 36.7667
5942 5797 39.6133 38.6467
6252 6108 41.68 40.72
5381 5234 35.8733 34.8933
5684 5538 37.8933 36.92
6043 5899 40.2867 39.3267
5639 5493 37.5933 36.62
4990 4845 33.2667 32.3
5756 5609 38.3733 37.3933
6237 6092 41.58 40.6133
5692 5552 37.9467 37.0133
5739 5597 38.26 37.3133
5955 5810 39.7 38.7333
5542 5398 36.9467 35.9867
5578 5432 37.1867 36.2133
5257 5115 35.0467 34.1
5225 5082 34.8333 33.88
5802 5660 38.68 37.7333
5721 5577 38.14 37.18
5660 5514 37.7333 36.76
5256 5112 35.04 34.08
5487 5341 36.58 35.6067
6025 5882 40.1667 39.2133
5937 5789 39.58 38.5933
5664 5520 37.76 36.8
5670 5526 37.8 36.84
5747 5601 38.3133 37.34
5066 4921 33.7733 32.8067
5286 5144 35.24 34.2933
5445 5301 36.3 35.34
5642 5497 37.6133 36.6467
5842 5697 38.9467 37.98
5549 5407 36.9933 36.0467
5718 5578 38.12 37.1867
5491 5345 36.6067 35.6333
5455 5309 36.3667 35.3933
5603 5456 37.3533 36.3733
5575 5433 37.1667 36.22
5458 5312 36.3867 35.4133
5713 5566 38.0867 37.1067
5548 5403 36.9867 36.02
5692 5549 37.9467 36.9933
5725 5581 38.1667 37.2067
6374 6231 42.4933 41.54
5962 5818 39.7467 38.7867
5587 5444 37.2467 36.2933
5358 5213 35.72 34.7533
5566 5421 37.1067 36.14
5569 5426 37.1267 36.1733
6480 6327 40.5 39.5438
6019 5864 37.6187 36.65
6733 6578 42.0812 41.1125
6162 6005 38.5125 37.5312
6632 6476 41.45 40.475
6658 6502 41.6125 40.6375
5917 5763 36.9813 36.0187
7137 6982 44.6063 43.6375
5892 5739 36.825 35.8687
6411 6256 40.0688 39.1
6919 6767 43.2437 42.2938
6814 6660 42.5875 41.625
6528 6375 40.8 39.8438
5890 5736 36.8125 35.85
6234 6079 38.9625 37.9937
6444 6291 40.275 39.3188
7262 7108 45.3875 44.425
6415 6257 40.0938 39.1063
5939 5785 37.1187 36.1562
6461 6304 40.3813 39.4
5978 5824 37.3625 36.4
6615 6458 41.3438 40.3625
6030 5873 37.6875 36.7062
6289 6135 39.3062 38.3438
7031 6878 43.9438 42.9875
7087 6935 44.2938 43.3438
6335 6180 39.5938 38.625
6048 5894 37.8 36.8375
6415 6261 40.0938 39.1313
6783 6628 42.3937 41.425
6954 6796 43.4625 42.475
6940 6786 43.375 42.4125
7002 6848 43.7625 42.8
6612 6454 41.325 40.3375
6366 6210 39.7875 38.8125
6626 6472 41.4125 40.45
6352 6198 39.7 38.7375
6754 6598 42.2125 41.2375
6631 6475 41.4438 40.4688
6265 6111 39.1562 38.1938
6939 6783 43.3687 42.3937
6588 6432 41.175 40.2
6282 6129 39.2625 38.3062
6494 6338 40.5875 39.6125
6476 6323 40.475 39.5187
5754 5600 35.9625 35
6871 6717 42.9438 41.9813
6205 6050 38.7812 37.8125
6599 6442 41.2437 40.2625
6083 5925 38.0187 37.0312
6629 6474 41.4312 40.4625
6775 6623 42.3438 41.3937
6203 6054 38.7687 37.8375
5902 5744 36.8875 35.9
6878 6723 42.9875 42.0187
6714 6559 41.9625 40.9937
6352 6200 39.7 38.75
6510 6354 40.6875 39.7125
6397 6243 39.9813 39.0187
6781 6624 42.3813 41.4
6752 6595 42.2 41.2188
6710 6556 41.9375 40.975
6253 6099 39.0812 38.1187
6683 6529 41.7687 40.8062
6593 6437 41.2062 40.2313
6578 6424 41.1125 40.15
6871 6718 42.9438 41.9875
6826 6673 42.6625 41.7062
6068 5914 37.925 36.9625
6595 6444 41.2188 40.275
6279 6122 39.2437 38.2625
6320 6165 39.5 38.5312
7334 7180 45.8375 44.875
6779 6626 42.3687 41.4125
6548 6399 40.925 39.9937
6782 6631 42.3875 41.4438
6875 6720 42.9688 42
6256 6103 39.1 38.1437
6306 6150 39.4125 38.4375
6816 6664 42.6 41.65
6768 6612 42.3 41.325
5900 5745 36.875 35.9062
6473 6318 40.4562 39.4875
6909 6757 43.1812 42.2313
6259 6105 39.1187 38.1562
6609 6455 41.3062 40.3438
7013 6861 43.8312 42.8813
6461 6307 40.3813 39.4188
6504 6349 40.65 39.6812
6188 6031 38.675 37.6938
6992 6839 43.7 42.7437
7150 6997 44.6875 43.7313
6124 5970 38.275 37.3125
6699 6546 41.8687 40.9125
6477 6323 40.4813 39.5187
5650 5493 35.3125 34.3312
6253 6096 39.0812 38.1
6262 6110 39.1375 38.1875
6719 6565 41.9937 41.0312
5685 5529 35.5312 34.5562
7365 7198 43.3235 42.3412
7160 6995 42.1176 41.1471
6930 6763 40.7647 39.7824
7323 7161 43.0765 42.1235
7640 7475 44.9412 43.9706
7007 6842 41.2176 40.2471
6890 6727 40.5294 39.5706
6715 6549 39.5 38.5235
7547 7387 44.3941 43.4529
7648 7487 44.9882 44.0412
7800 7634 45.8824 44.9059
7250 7083 42.6471 41.6647
7009 6847 41.2294 40.2765
7628 7466 44.8706 43.9176
7239 7075 42.5824 41.6176
7379 7213 43.4059 42.4294
6780 6614 39.8824 38.9059
6944 6782 40.8471 39.8941
6670 6501 39.2353 38.2412
7132 6968 41.9529 40.9882
7340 7178 43.1765 42.2235
7480 7317 44 43.0412
7178 7014 42.2235 41.2588
6805 6641 40.0294 39.0647
7966 7806 46.8588 45.9176
7075 6907 41.6176 40.6294
7070 6905 41.5882 40.6176
7102 6936 41.7765 40.8
7363 7196 43.3118 42.3294
6872 6706 40.4235 39.4471
6929 6767 40.7588 39.8059
7660 7492 45.0588 44.0706
7189 7022 42.2882 41.3059
7568 7404 44.5176 43.5529
7515 7350 44.2059 43.2353
7586 7420 44.6235 43.6471
7058 6893 41.5176 40.5471
7286 7120 42.8588 41.8824
6788 6624 39.9294 38.9647
6419 6253 37.7588 36.7824
7617 7454 44.8059 43.8471
7014 6849 41.2588 40.2882
7026 6864 41.3294 40.3765
7100 6935 41.7647 40.7941
7457 7294 43.8647 42.9059
7405 7242 43.5588 42.6
7107 6941 41.8059 40.8294
7799 7633 45.8765 44.9
7105 6939 41.7941 40.8176
7238 7071 42.5765 41.5941
6924 6760 40.7294 39.7647
7206 7041 42.3882 41.4176
6924 6757 40.7294 39.7471
7235 7068 42.5588 41.5765
7638 7474 44.9294 43.9647
6955 6789 40.9118 39.9353
7378 7217 43.4 42.4529
7339 7173 43.1706 42.1941
7344 7179 43.2 42.2294
6952 6786 40.8941 39.9176
7179 7015 42.2294 41.2647
7037 6869 41.3941 40.4059
7498 7332 44.1059 43.1294
7267 7101 42.7471 41.7706
7269 7104 42.7588 41.7882
7686 7521 45.2118 44.2412
7118 6952 41.8706 40.8941
8101 7935 47.6529 46.6765
7511 7345 44.1824 43.2059
7176 7008 42.2118 41.2235
7609 7442 44.7588 43.7765
7859 7695 46.2294 45.2647
7688 7522 45.2235 44.2471
6521 6355 38.3588 37.3824
6995 6834 41.1471 40.2
7643 7479 44.9588 43.9941
6870 6704 40.4118 39.4353
6991 6828 41.1235 40.1647
7102 6935 41.7765 40.7941
7344 7181 43.2 42.2412
7521 7359 44.2412 43.2882
7339 7176 43.1706 42.2118
7988 7820 46.9882 46
7465 7300 43.9118 42.9412
7594 7430 44.6706 43.7059
7421 7255 43.6529 42.6765
7830 7664 46.0588 45.0824
6671 6504 39.2412 38.2588
7551 7387 44.4176 43.4529
7330 7170 43.1176 42.1765
7358 7194 43.2824 42.3176
7717 7552 45.3941 44.4235
7269 7105 42.7588 41.7941
7837 7672 46.1 45.1294
7201 7039 42.3588 41.4059
8006 7839 47.0941 46.1118
6972 6806 41.0118 40.0353
7146 6983 42.0353 41.0765
7895 7733 46.4412 45.4882
7133 6971 41.9588 41.0059
8222 8049 45.6778 44.7167
8045 7871 44.6944 43.7278
9285 9113 51.5833 50.6278
6910 6738 38.3889 37.4333
8038 7865 44.6556 43.6944
8196 8021 45.5333 44.5611
8041 7865 44.6722 43.6944
7581 7405 42.1167 41.1389
8054 7879 44.7444 43.7722
7599 7425 42.2167 41.25
8573 8398 47.6278 46.6556
7789 7613 43.2722 42.2944
7514 7337 41.7444 40.7611
7804 7628 43.3556 42.3778
8460 8284 47 46.0222
8033 7856 44.6278 43.6444
8496 8320 47.2 46.2222
8224 8046 45.6889 44.7
7689 7512 42.7167 41.7333
7302 7127 40.5667 39.5944
8274 8099 45.9667 44.9944
8036 7859 44.6444 43.6611
8401 8227 46.6722 45.7056
7548 7374 41.9333 40.9667
9383 9210 52.1278 51.1667
8888 8715 49.3778 48.4167
7473 7297 41.5167 40.5389
8275 8099 45.9722 44.9944
8552 8376 47.5111 46.5333
8714 8539 48.4111 47.4389
7875 7698 43.75 42.7667
7384 7209 41.0222 40.05
8345 8169 46.3611 45.3833
7972 7799 44.2889 43.3278
7474 7301 41.5222 40.5611
8497 8323 47.2056 46.2389
7780 7605 43.2222 42.25
8282 8109 46.0111 45.05
7416 7241 41.2 40.2278
7778 7602 43.2111 42.2333
7964 7790 44.2444 43.2778
7939 7763 44.1056 43.1278
7849 7674 43.6056 42.6333
8449 8275 46.9389 45.9722
7760 7587 43.1111 42.15
8934 8763 49.6333 48.6833
8068 7892 44.8222 43.8444
7969 7794 44.2722 43.3
7326 7152 40.7 39.7333
7947 7772 44.15 43.1778
8046 7871 44.7 43.7278
8224 8049 45.6889 44.7167
8286 8109 46.0333 45.05
8185 8007 45.4722 44.4833
8129 7956 45.1611 44.2
8401 8229 46.6722 45.7167
8586 8412 47.7 46.7333
7625 7448 42.3611 41.3778
8201 8026 45.5611 44.5889
8963 8789 49.7944 48.8278
8477 8300 47.0944 46.1111
8110 7935 45.0556 44.0833
8176 8000 45.4222 44.4444
8092 7915 44.9556 43.9722
8986 8809 49.9222 48.9389
8187 8015 45.4833 44.5278
8327 8151 46.2611 45.2833
8661 8490 48.1167 47.1667
8224 8049 45.6889 44.7167
9206 9034 51.1444 50.1889
7854 7680 43.6333 42.6667
8548 8373 47.4889 46.5167
7909 7734 43.9389 42.9667
8234 8060 45.7444 44.7778
7754 7581 43.0778 42.1167
8453 8278 46.9611 45.9889
8713 8540 48.4056 47.4444
8890 8718 49.3889 48.4333
7417 7244 41.2056 40.2444
8239 8065 45.7722 44.8056
7896 7722 43.8667 42.9
8638 8467 47.9889 47.0389
8255 8081 45.8611 44.8944
8041 7870 44.6722 43.7222
8589 8415 47.7167 46.75
7494 7318 41.6333 40.6556
7835 7660 43.5278 42.5556
8796 8624 48.8667 47.9111
8351 8178 46.3944 45.4333
7932 7757 44.0667 43.0944
8389 8215 46.6056 45.6389
7682 7506 42.6778 41.7
8201 8028 45.5611 44.6
7421 7246 41.2278 40.2556
8550 8377 47.5 46.5389
7636 7462 42.4222 41.4556
8086 7911 44.9222 43.95
8426 8255 46.8111 45.8611
7233 7057 40.1833 39.2056
8042 7869 44.6778 43.7167
9330 9148 49.1053 48.1474
8870 8682 46.6842 45.6947
8840 8655 46.5263 45.5526
8706 8523 45.8211 44.8579
9882 9702 52.0105 51.0632
9024 8838 47.4947 46.5158
9162 8976 48.2211 47.2421
8688 8505 45.7263 44.7632
8914 8730 46.9158 45.9474
9430 9244 49.6316 48.6526
9031 8845 47.5316 46.5526
8907 8724 46.8789 45.9158
9286 9105 48.8737 47.9211
8850 8672 46.5789 45.6421
8481 8295 44.6368 43.6579
9465 9281 49.8158 48.8474
8599 8414 45.2579 44.2842
8921 8735 46.9526 45.9737
9277 9089 48.8263 47.8368
9272 9089 48.8 47.8368
9790 9602 51.5263 50.5368
9191 9010 48.3737 47.4211
9319 9133 49.0474 48.0684
9123 8940 48.0158 47.0526
9138 8950 48.0947 47.1053
9301 9114 48.9526 47.9684
8943 8755 47.0684 46.0789
9282 9100 48.8526 47.8947
9677 9492 50.9316 49.9579
9609 9428 50.5737 49.6211
8848 8662 46.5684 45.5895
9170 8986 48.2632 47.2947
9817 9633 51.6684 50.7
8811 8627 46.3737 45.4053
9164 8983 48.2316 47.2789
9560 9378 50.3158 49.3579
9712 9529 51.1158 50.1526
9533 9351 50.1737 49.2158
9332 9144 49.1158 48.1263
8789 8605 46.2579 45.2895
9283 9097 48.8579 47.8789
9502 9320 50.0105 49.0526
9144 8959 48.1263 47.1526
10024 9840 52.7579 51.7895
9422 9235 49.5895 48.6053
9571 9387 50.3737 49.4053
9411 9228 49.5316 48.5684
8563 8380 45.0684 44.1053
9003 8819 47.3842 46.4158
9144 8961 48.1263 47.1632
9647 9460 50.7737 49.7895
8968 8782 47.2 46.2211
9569 9386 50.3632 49.4
9949 9762 52.3632 51.3789
9443 9260 49.7 48.7368
9156 8973 48.1895 47.2263
8865 8680 46.6579 45.6842
8950 8766 47.1053 46.1368
9981 9797 52.5316 51.5632
8833 8651 46.4895 45.5316
9080 8892 47.7895 46.8
8553 8368 45.0158 44.0421
9761 9579 51.3737 50.4158
8903 8719 46.8579 45.8895
8898 8714 46.8316 45.8632
8385 8200 44.1316 43.1579
9911 9729 52.1632 51.2053
8786 8598 46.2421 45.2526
8515 8331 44.8158 43.8474
9693 9507 51.0158 50.0368
8795 8610 46.2895 45.3158
8836 8650 46.5053 45.5263
9227 9045 48.5632 47.6053
9294 9108 48.9158 47.9368
9602 9418 50.5368 49.5684
9047 8862 47.6158 46.6421
8394 8212 44.1789 43.2211
9266 9080 48.7684 47.7895
8160 7973 42.9474 41.9632
8640 8454 45.4737 44.4947
9267 9081 48.7737 47.7947
8949 8763 47.1 46.1211
9454 9267 49.7579 48.7737
8888 8702 46.7789 45.8
9007 8823 47.4053 46.4368
9241 9055 48.6368 47.6579
8966 8785 47.1895 46.2368
9346 9161 49.1895 48.2158
9231 9045 48.5842 47.6053
9358 9173 49.2526 48.2789
9584 9396 50.4421 49.4526
8822 8635 46.4316 45.4474
8770 8590 46.1579 45.2105
9391 9210 49.4263 48.4737
9459 9271 49.7842 48.7947
8558 8374 45.0421 44.0737
9342 9155 49.1684 48.1842
9114 8929 47.9684 46.9947
9516 9333 50.0842 49.1211
9402 9217 49.4842 48.5105
9291 9098 46.455 45.49
10225 10032 51.125 50.16
10016 9821 50.08 49.105
9873 9680 49.365 48.4
9601 9408 48.005 47.04
10008 9810 50.04 49.05
10240 10046 51.2 50.23
10583 10391 52.915 51.955
10854 10661 54.27 53.305
10152 9957 50.76 49.785
10249 10055 51.245 50.275
10131 9937 50.655 49.685
9386 9190 46.93 45.95
9504 9310 47.52 46.55
9791 9596 48.955 47.98
9796 9600 48.98 48
10366 10172 51.83 50.86
10403 10207 52.015 51.035
10828 10632 54.14 53.16
10302 10109 51.51 50.545
9849 9653 49.245 48.265
10671 10476 53.355 52.38
10509 10313 52.545 51.565
11204 11015 56.02 55.075
10286 10094 51.43 50.47
10879 10684 54.395 53.42
10188 9995 50.94 49.975
10864 10672 54.32 53.36
10614 10419 53.07 52.095
9939 9747 49.695 48.735
10300 10108 51.5 50.54
10158 9969 50.79 49.845
10234 10041 51.17 50.205
10437 10243 52.185 51.215
9851 9655 49.255 48.275
9473 9282 47.365 46.41
9046 8852 45.23 44.26
9303 9109 46.515 45.545
10040 9846 50.2 49.23
10565 10372 52.825 51.86
10165 9968 50.825 49.84
9970 9776 49.85 48.88
9869 9676 49.345 48.38
9953 9759 49.765 48.795
10226 10033 51.13 50.165
10142 9946 50.71 49.73
10016 9823 50.08 49.115
10163 9970 50.815 49.85
10035 9839 50.175 49.195
8858 8664 44.29 43.32
10204 10011 51.02 50.055
11027 10832 55.135 54.16
10980 10785 54.9 53.925
9926 9733 49.63 48.665
10023 9828 50.115 49.14
9758 9562 48.79 47.81
9794 9599 48.97 47.995
10517 10321 52.585 51.605
9677 9480 48.385 47.4
10716 10522 53.58 52.61
10203 10009 51.015 50.045
10208 10015 51.04 50.075
10154 9960 50.77 49.8
9944 9751 49.72 48.755
10782 10589 53.91 52.945
10544 10352 52.72 51.76
9858 9662 49.29 48.31
9263 9068 46.315 45.34
10297 10104 51.485 50.52
9729 9534 48.645 47.67
10627 10432 53.135 52.16
9489 9297 47.445 46.485
9885 9688 49.425 48.44
10547 10353 52.735 51.765
9760 9565 48.8 47.825
9625 9431 48.125 47.155
10222 10026 51.11 50.13
9654 9459 48.27 47.295
10377 10182 51.885 50.91
10472 10281 52.36 51.405
10994 10800 54.97 54
10155 9960 50.775 49.8
9897 9705 49.485 48.525
10437 10245 52.185 51.225
10729 10533 53.645 52.665
10223 10029 51.115 50.145
9618 9424 48.09 47.12
9269 9071 46.345 45.355
10184 9992 50.92 49.96
9734 9538 48.67 47.69
9973 9777 49.865 48.885
10523 10329 52.615 51.645
10366 10170 51.83 50.85
11016 10822 55.08 54.11
10273 10077 51.365 50.385
10260 10068 51.3 50.34
9698 9507 48.49 47.535
10905 10710 54.525 53.55
10226 10031 51.13 50.155
8756 8558 43.78 42.79
