10391 5836 10.391 5.836
10606 5984 10.606 5.984
11000 6622 11 6.622
10949 6261 10.949 6.261
11028 6859 11.028 6.859
11371 7073 11.371 7.073
11119 5930 11.119 5.93
10613 6153 10.613 6.153
11191 7147 11.191 7.147
10250 5517 10.25 5.517
24503 12038 12.2515 6.019
27989 16852 13.9945 8.426
25247 12267 12.6235 6.1335
24762 13983 12.381 6.9915
24438 14609 12.219 7.3045
25792 13514 12.896 6.757
26085 15899 13.0425 7.9495
24157 13224 12.0785 6.612
24765 14257 12.3825 7.1285
25201 13408 12.6005 6.704
44681 22282 14.8937 7.42733
38778 22693 12.926 7.56433
43702 21190 14.5673 7.06333
44296 19425 14.7653 6.475
38145 23000 12.715 7.66667
38356 20783 12.7853 6.92767
39019 23425 13.0063 7.80833
36310 21056 12.1033 7.01867
40210 20986 13.4033 6.99533
36306 22330 12.102 7.44333
58216 31525 14.554 7.88125
53176 28637 13.294 7.15925
54960 28841 13.74 7.21025
52383 32803 13.0958 8.20075
55634 33826 13.9085 8.4565
57720 32531 14.43 8.13275
56450 29137 14.1125 7.28425
55189 31385 13.7973 7.84625
55791 29068 13.9477 7.267
54768 33728 13.692 8.432
69348 35231 13.8696 7.0462
68779 39036 13.7558 7.8072
67146 35144 13.4292 7.0288
71421 41969 14.2842 8.3938
75757 42200 15.1514 8.44
77972 45025 15.5944 9.005
71294 37009 14.2588 7.4018
74034 42699 14.8068 8.5398
71556 34305 14.3112 6.861
70108 41084 14.0216 8.2168
95846 45999 15.9743 7.6665
89414 51567 14.9023 8.5945
91352 47501 15.2253 7.91683
89257 44881 14.8762 7.48017
87492 44123 14.582 7.35383
90882 49590 15.147 8.265
91989 52794 15.3315 8.799
81964 44231 13.6607 7.37183
89468 46267 14.9113 7.71117
81850 43990 13.6417 7.33167
99974 54769 14.282 7.82414
107398 53015 15.3426 7.57357
111075 60613 15.8679 8.659
104197 60065 14.8853 8.58071
101891 58953 14.5559 8.42186
101890 60780 14.5557 8.68286
103859 62002 14.837 8.85743
99789 53101 14.2556 7.58586
111320 61444 15.9029 8.77771
106874 59240 15.2677 8.46286
120301 70040 15.0376 8.755
116356 66480 14.5445 8.31
125612 68654 15.7015 8.58175
117212 62652 14.6515 7.8315
120509 72781 15.0636 9.09763
118002 62677 14.7502 7.83462
121695 62904 15.2119 7.863
126390 73319 15.7988 9.16488
122349 60071 15.2936 7.50887
129674 75920 16.2093 9.49
137556 74047 15.284 8.22744
140211 82134 15.579 9.126
136775 78071 15.1972 8.67456
130826 67925 14.5362 7.54722
131190 71537 14.5767 7.94856
141628 81259 15.7364 9.02878
137712 74816 15.3013 8.31289
134101 74880 14.9001 8.32
148358 82243 16.4842 9.13811
139071 77064 15.4523 8.56267
156072 89595 15.6072 8.9595
158273 97337 15.8273 9.7337
150302 79964 15.0302 7.9964
154350 84644 15.435 8.4644
162810 92866 16.281 9.2866
172363 89864 17.2363 8.9864
156833 85324 15.6833 8.5324
155898 94435 15.5898 9.4435
149173 80973 14.9173 8.0973
156510 89192 15.651 8.9192
186073 93847 16.9157 8.53155
179834 94510 16.3485 8.59182
168975 90168 15.3614 8.19709
166987 93275 15.1806 8.47955
170341 88213 15.4855 8.01936
168816 96183 15.3469 8.74391
170890 89666 15.5355 8.15145
163804 94776 14.8913 8.616
169898 90252 15.4453 8.20473
166785 94435 15.1623 8.585
186833 103936 15.5694 8.66133
209571 126103 17.4642 10.5086
199172 114152 16.5977 9.51267
187768 106536 15.6473 8.878
181332 104000 15.111 8.66667
184786 103701 15.3988 8.64175
188157 104491 15.6798 8.70758
200970 116129 16.7475 9.67742
189227 101889 15.7689 8.49075
186312 90097 15.526 7.50808
212670 121403 16.3592 9.33869
207364 118219 15.9511 9.09377
205118 120434 15.7783 9.26415
201486 100960 15.4989 7.76615
205266 107857 15.7897 8.29669
217671 108761 16.7439 8.36623
199229 106988 15.3253 8.22985
208089 119534 16.0068 9.19492
204313 111016 15.7164 8.53969
194398 106782 14.9537 8.214
237435 140141 16.9596 10.0101
234630 129805 16.7593 9.27179
223273 122074 15.9481 8.71957
239109 128461 17.0792 9.17579
219441 116660 15.6744 8.33286
213307 114368 15.2362 8.16914
227164 131523 16.226 9.3945
229443 109379 16.3888 7.81279
222062 113999 15.8616 8.14279
221469 124395 15.8192 8.88536
240655 134491 16.0437 8.96607
246044 136175 16.4029 9.07833
241983 129773 16.1322 8.65153
262130 143971 17.4753 9.59807
253488 128997 16.8992 8.5998
255428 137459 17.0285 9.16393
252930 125493 16.862 8.3662
260148 131043 17.3432 8.7362
239005 136225 15.9337 9.08167
250641 156088 16.7094 10.4059
277284 144044 17.3302 9.00275
255624 136854 15.9765 8.55338
258973 141687 16.1858 8.85544
257690 140655 16.1056 8.79094
259442 146633 16.2151 9.16456
257732 147664 16.1083 9.229
255539 142659 15.9712 8.91619
274707 151279 17.1692 9.45494
276901 160049 17.3063 10.0031
267014 143972 16.6884 8.99825
270142 149041 15.8907 8.76712
274543 156737 16.1496 9.21982
275162 156477 16.186 9.20453
275163 161667 16.1861 9.50982
288643 147134 16.979 8.65494
281373 153243 16.5514 9.01429
273715 157387 16.1009 9.25806
285712 162624 16.8066 9.56612
278394 144688 16.3761 8.51106
296133 139494 17.4196 8.20553
313208 156712 17.4004 8.70622
294049 157551 16.3361 8.75283
314921 175680 17.4956 9.76
305143 154941 16.9524 8.60783
296395 160158 16.4664 8.89767
317477 172133 17.6376 9.56294
291847 155435 16.2137 8.63528
301737 174691 16.7632 9.70506
293933 172597 16.3296 9.58872
306903 173960 17.0502 9.66444
311332 162944 16.3859 8.576
308938 171649 16.2599 9.03416
317656 178400 16.7187 9.38947
318608 164485 16.7688 8.65711
309214 159513 16.2744 8.39542
357521 173573 18.8169 9.13542
312982 172077 16.4727 9.05668
306551 167769 16.1343 8.82995
316297 164842 16.6472 8.67589
325115 168607 17.1113 8.87405
317261 180564 15.863 9.0282
347565 184525 17.3783 9.22625
335328 180190 16.7664 9.0095
335764 194685 16.7882 9.73425
335764 187652 16.7882 9.3826
359172 171093 17.9586 8.55465
334007 189037 16.7004 9.45185
331477 185445 16.5739 9.27225
331419 178062 16.5709 8.9031
344946 186611 17.2473 9.33055
