20 16 2 1.6
19 16 1.9 1.6
27 20 2.7 2
21 19 2.1 1.9
23 18 2.3 1.8
22 23 2.2 2.3
23 19 2.3 1.9
21 18 2.1 1.8
26 25 2.6 2.5
25 25 2.5 2.5
21 16 2.1 1.6
31 25 3.1 2.5
25 19 2.5 1.9
43 30 4.3 3
23 16 2.3 1.6
24 23 2.4 2.3
22 23 2.2 2.3
28 27 2.8 2.7
25 22 2.5 2.2
36 28 3.6 2.8
22 17 2.2 1.7
27 12 2.7 1.2
21 20 2.1 2
29 29 2.9 2.9
23 19 2.3 1.9
23 18 2.3 1.8
22 16 2.2 1.6
25 25 2.5 2.5
28 29 2.8 2.9
19 15 1.9 1.5
21 17 2.1 1.7
26 15 2.6 1.5
21 17 2.1 1.7
23 21 2.3 2.1
37 24 3.7 2.4
21 20 2.1 2
25 24 2.5 2.4
27 21 2.7 2.1
33 24 3.3 2.4
22 23 2.2 2.3
29 15 2.9 1.5
32 26 3.2 2.6
25 17 2.5 1.7
20 16 2 1.6
25 19 2.5 1.9
40 37 4 3.7
20 13 2 1.3
32 31 3.2 3.1
19 14 1.9 1.4
30 21 3 2.1
37 36 3.7 3.6
26 17 2.6 1.7
20 18 2 1.8
23 18 2.3 1.8
21 18 2.1 1.8
19 15 1.9 1.5
21 18 2.1 1.8
25 21 2.5 2.1
31 31 3.1 3.1
23 18 2.3 1.8
22 19 2.2 1.9
20 17 2 1.7
23 23 2.3 2.3
21 18 2.1 1.8
21 17 2.1 1.7
23 22 2.3 2.2
21 15 2.1 1.5
24 24 2.4 2.4
26 23 2.6 2.3
23 17 2.3 1.7
37 19 3.7 1.9
29 20 2.9 2
25 20 2.5 2
19 14 1.9 1.4
21 20 2.1 2
20 14 2 1.4
30 30 3 3
22 15 2.2 1.5
21 15 2.1 1.5
27 29 2.7 2.9
21 19 2.1 1.9
34 32 3.4 3.2
20 14 2 1.4
29 21 2.9 2.1
21 16 2.1 1.6
32 12 3.2 1.2
25 19 2.5 1.9
26 17 2.6 1.7
28 18 2.8 1.8
23 13 2.3 1.3
23 26 2.3 2.6
20 14 2 1.4
23 23 2.3 2.3
21 14 2.1 1.4
27 16 2.7 1.6
21 16 2.1 1.6
27 27 2.7 2.7
21 15 2.1 1.5
21 18 2.1 1.8
23 22 2.3 2.2
65 44 3.25 2.2
62 36 3.1 1.8
65 48 3.25 2.4
62 48 3.1 2.4
78 31 3.9 1.55
57 37 2.85 1.85
71 57 3.55 2.85
66 54 3.3 2.7
72 51 3.6 2.55
75 58 3.75 2.9
89 75 4.45 3.75
88 62 4.4 3.1
60 44 3 2.2
82 67 4.1 3.35
62 50 3.1 2.5
87 71 4.35 3.55
63 48 3.15 2.4
74 60 3.7 3
88 75 4.4 3.75
73 70 3.65 3.5
89 67 4.45 3.35
57 49 2.85 2.45
67 55 3.35 2.75
128 83 6.4 4.15
72 45 3.6 2.25
76 45 3.8 2.25
77 61 3.85 3.05
76 43 3.8 2.15
61 38 3.05 1.9
63 45 3.15 2.25
74 35 3.7 1.75
68 43 3.4 2.15
74 68 3.7 3.4
54 40 2.7 2
68 59 3.4 2.95
58 38 2.9 1.9
63 47 3.15 2.35
66 49 3.3 2.45
101 91 5.05 4.55
74 59 3.7 2.95
63 53 3.15 2.65
58 47 2.9 2.35
65 43 3.25 2.15
74 59 3.7 2.95
65 41 3.25 2.05
58 41 2.9 2.05
68 43 3.4 2.15
79 45 3.95 2.25
99 80 4.95 4
62 43 3.1 2.15
61 47 3.05 2.35
76 65 3.8 3.25
61 42 3.05 2.1
65 37 3.25 1.85
79 65 3.95 3.25
63 43 3.15 2.15
60 42 3 2.1
58 48 2.9 2.4
70 39 3.5 1.95
76 56 3.8 2.8
87 72 4.35 3.6
65 43 3.25 2.15
69 42 3.45 2.1
75 42 3.75 2.1
61 46 3.05 2.3
67 41 3.35 2.05
60 47 3 2.35
72 53 3.6 2.65
69 56 3.45 2.8
78 45 3.9 2.25
64 45 3.2 2.25
76 42 3.8 2.1
68 46 3.4 2.3
75 53 3.75 2.65
58 41 2.9 2.05
63 45 3.15 2.25
74 72 3.7 3.6
65 45 3.25 2.25
68 54 3.4 2.7
81 44 4.05 2.2
57 47 2.85 2.35
67 51 3.35 2.55
78 52 3.9 2.6
61 44 3.05 2.2
65 40 3.25 2
61 44 3.05 2.2
61 39 3.05 1.95
57 38 2.85 1.9
82 70 4.1 3.5
68 51 3.4 2.55
62 41 3.1 2.05
91 82 4.55 4.1
59 47 2.95 2.35
64 51 3.2 2.55
71 59 3.55 2.95
84 60 4.2 3
61 37 3.05 1.85
64 46 3.2 2.3
80 42 4 2.1
69 58 3.45 2.9
104 71 3.46667 2.36667
123 94 4.1 3.13333
137 96 4.56667 3.2
152 90 5.06667 3
129 100 4.3 3.33333
119 84 3.96667 2.8
106 74 3.53333 2.46667
150 93 5 3.1
122 77 4.06667 2.56667
130 88 4.33333 2.93333
120 63 4 2.1
123 89 4.1 2.96667
114 84 3.8 2.8
115 84 3.83333 2.8
109 63 3.63333 2.1
155 125 5.16667 4.16667
117 72 3.9 2.4
138 79 4.6 2.63333
124 87 4.13333 2.9
147 112 4.9 3.73333
115 79 3.83333 2.63333
132 67 4.4 2.23333
111 85 3.7 2.83333
134 87 4.46667 2.9
119 100 3.96667 3.33333
137 94 4.56667 3.13333
121 102 4.03333 3.4
109 79 3.63333 2.63333
147 117 4.9 3.9
120 88 4 2.93333
118 97 3.93333 3.23333
136 118 4.53333 3.93333
133 116 4.43333 3.86667
118 98 3.93333 3.26667
105 73 3.5 2.43333
146 101 4.86667 3.36667
132 93 4.4 3.1
156 129 5.2 4.3
123 77 4.1 2.56667
107 80 3.56667 2.66667
140 74 4.66667 2.46667
143 107 4.76667 3.56667
126 83 4.2 2.76667
111 69 3.7 2.3
127 84 4.23333 2.8
127 85 4.23333 2.83333
110 85 3.66667 2.83333
138 119 4.6 3.96667
135 81 4.5 2.7
114 73 3.8 2.43333
119 90 3.96667 3
131 78 4.36667 2.6
115 82 3.83333 2.73333
118 88 3.93333 2.93333
122 68 4.06667 2.26667
125 72 4.16667 2.4
120 96 4 3.2
101 62 3.36667 2.06667
168 115 5.6 3.83333
132 90 4.4 3
118 85 3.93333 2.83333
110 82 3.66667 2.73333
113 62 3.76667 2.06667
116 81 3.86667 2.7
157 78 5.23333 2.6
119 84 3.96667 2.8
141 83 4.7 2.76667
150 106 5 3.53333
115 83 3.83333 2.76667
121 96 4.03333 3.2
110 79 3.66667 2.63333
120 90 4 3
136 100 4.53333 3.33333
119 63 3.96667 2.1
129 92 4.3 3.06667
119 74 3.96667 2.46667
140 110 4.66667 3.66667
141 82 4.7 2.73333
121 63 4.03333 2.1
134 79 4.46667 2.63333
125 65 4.16667 2.16667
121 87 4.03333 2.9
102 71 3.4 2.36667
133 90 4.43333 3
129 77 4.3 2.56667
118 88 3.93333 2.93333
110 78 3.66667 2.6
145 93 4.83333 3.1
129 66 4.3 2.2
114 81 3.8 2.7
108 74 3.6 2.46667
133 57 4.43333 1.9
151 109 5.03333 3.63333
181 107 6.03333 3.56667
139 105 4.63333 3.5
118 92 3.93333 3.06667
123 71 4.1 2.36667
111 90 3.7 3
144 69 4.8 2.3
124 74 4.13333 2.46667
178 128 4.45 3.2
183 144 4.575 3.6
209 104 5.225 2.6
203 146 5.075 3.65
157 102 3.925 2.55
167 133 4.175 3.325
202 145 5.05 3.625
169 83 4.225 2.075
234 196 5.85 4.9
173 117 4.325 2.925
183 146 4.575 3.65
174 127 4.35 3.175
173 121 4.325 3.025
185 120 4.625 3
179 100 4.475 2.5
190 142 4.75 3.55
194 144 4.85 3.6
178 120 4.45 3
176 124 4.4 3.1
220 106 5.5 2.65
175 120 4.375 3
204 118 5.1 2.95
158 110 3.95 2.75
165 120 4.125 3
169 125 4.225 3.125
221 96 5.525 2.4
188 119 4.7 2.975
170 126 4.25 3.15
231 137 5.775 3.425
212 171 5.3 4.275
202 160 5.05 4
169 127 4.225 3.175
189 120 4.725 3
192 96 4.8 2.4
205 170 5.125 4.25
223 144 5.575 3.6
197 146 4.925 3.65
183 130 4.575 3.25
189 113 4.725 2.825
184 127 4.6 3.175
210 118 5.25 2.95
165 116 4.125 2.9
176 110 4.4 2.75
202 132 5.05 3.3
173 90 4.325 2.25
246 179 6.15 4.475
183 107 4.575 2.675
202 143 5.05 3.575
159 102 3.975 2.55
161 114 4.025 2.85
169 120 4.225 3
191 122 4.775 3.05
181 107 4.525 2.675
188 151 4.7 3.775
209 104 5.225 2.6
184 110 4.6 2.75
209 127 5.225 3.175
168 116 4.2 2.9
192 111 4.8 2.775
168 102 4.2 2.55
187 138 4.675 3.45
243 156 6.075 3.9
195 148 4.875 3.7
191 160 4.775 4
222 162 5.55 4.05
165 118 4.125 2.95
165 131 4.125 3.275
176 102 4.4 2.55
173 125 4.325 3.125
206 169 5.15 4.225
205 173 5.125 4.325
187 121 4.675 3.025
250 165 6.25 4.125
166 105 4.15 2.625
194 102 4.85 2.55
178 127 4.45 3.175
188 103 4.7 2.575
224 158 5.6 3.95
186 138 4.65 3.45
165 122 4.125 3.05
158 111 3.95 2.775
181 106 4.525 2.65
212 145 5.3 3.625
264 158 6.6 3.95
190 107 4.75 2.675
211 103 5.275 2.575
199 123 4.975 3.075
186 134 4.65 3.35
157 105 3.925 2.625
192 131 4.8 3.275
168 126 4.2 3.15
189 134 4.725 3.35
208 142 5.2 3.55
175 103 4.375 2.575
195 127 4.875 3.175
164 109 4.1 2.725
181 123 4.525 3.075
195 110 4.875 2.75
211 141 5.275 3.525
162 90 4.05 2.25
269 192 5.38 3.84
253 183 5.06 3.66
233 140 4.66 2.8
222 129 4.44 2.58
238 156 4.76 3.12
233 184 4.66 3.68
265 140 5.3 2.8
250 155 5 3.1
234 172 4.68 3.44
228 181 4.56 3.62
251 183 5.02 3.66
313 154 6.26 3.08
233 124 4.66 2.48
242 160 4.84 3.2
295 224 5.9 4.48
218 153 4.36 3.06
252 160 5.04 3.2
274 161 5.48 3.22
272 140 5.44 2.8
284 187 5.68 3.74
337 182 6.74 3.64
239 155 4.78 3.1
293 199 5.86 3.98
269 106 5.38 2.12
279 111 5.58 2.22
263 158 5.26 3.16
271 155 5.42 3.1
265 142 5.3 2.84
296 211 5.92 4.22
233 164 4.66 3.28
275 196 5.5 3.92
263 165 5.26 3.3
227 128 4.54 2.56
277 172 5.54 3.44
239 147 4.78 2.94
225 144 4.5 2.88
280 160 5.6 3.2
259 184 5.18 3.68
247 174 4.94 3.48
221 142 4.42 2.84
264 196 5.28 3.92
247 167 4.94 3.34
229 149 4.58 2.98
263 159 5.26 3.18
299 205 5.98 4.1
263 134 5.26 2.68
231 158 4.62 3.16
233 172 4.66 3.44
248 143 4.96 2.86
275 170 5.5 3.4
300 154 6 3.08
220 127 4.4 2.54
255 164 5.1 3.28
225 164 4.5 3.28
284 186 5.68 3.72
242 168 4.84 3.36
231 154 4.62 3.08
248 168 4.96 3.36
236 173 4.72 3.46
246 169 4.92 3.38
223 145 4.46 2.9
265 137 5.3 2.74
256 186 5.12 3.72
249 179 4.98 3.58
273 221 5.46 4.42
249 177 4.98 3.54
232 145 4.64 2.9
212 143 4.24 2.86
217 159 4.34 3.18
237 158 4.74 3.16
272 199 5.44 3.98
243 170 4.86 3.4
238 152 4.76 3.04
254 181 5.08 3.62
250 181 5 3.62
300 175 6 3.5
304 181 6.08 3.62
226 150 4.52 3
269 197 5.38 3.94
250 129 5 2.58
297 181 5.94 3.62
231 160 4.62 3.2
272 217 5.44 4.34
251 150 5.02 3
249 180 4.98 3.6
257 146 5.14 2.92
245 151 4.9 3.02
223 155 4.46 3.1
239 154 4.78 3.08
224 118 4.48 2.36
312 132 6.24 2.64
242 190 4.84 3.8
276 153 5.52 3.06
255 148 5.1 2.96
240 164 4.8 3.28
250 191 5 3.82
322 245 6.44 4.9
219 144 4.38 2.88
252 183 5.04 3.66
278 173 5.56 3.46
341 220 5.68333 3.66667
288 196 4.8 3.26667
320 222 5.33333 3.7
325 238 5.41667 3.96667
313 202 5.21667 3.36667
288 204 4.8 3.4
331 215 5.51667 3.58333
311 200 5.18333 3.33333
322 238 5.36667 3.96667
295 151 4.91667 2.51667
371 212 6.18333 3.53333
323 214 5.38333 3.56667
298 191 4.96667 3.18333
306 229 5.1 3.81667
321 212 5.35 3.53333
369 246 6.15 4.1
339 210 5.65 3.5
291 157 4.85 2.61667
370 202 6.16667 3.36667
323 206 5.38333 3.43333
308 203 5.13333 3.38333
363 214 6.05 3.56667
303 170 5.05 2.83333
306 180 5.1 3
384 193 6.4 3.21667
308 184 5.13333 3.06667
307 196 5.11667 3.26667
315 206 5.25 3.43333
296 179 4.93333 2.98333
336 183 5.6 3.05
292 196 4.86667 3.26667
324 218 5.4 3.63333
340 226 5.66667 3.76667
335 182 5.58333 3.03333
331 236 5.51667 3.93333
315 230 5.25 3.83333
346 249 5.76667 4.15
327 225 5.45 3.75
333 221 5.55 3.68333
329 252 5.48333 4.2
277 172 4.61667 2.86667
358 233 5.96667 3.88333
372 249 6.2 4.15
360 184 6 3.06667
371 235 6.18333 3.91667
335 219 5.58333 3.65
337 221 5.61667 3.68333
324 164 5.4 2.73333
279 177 4.65 2.95
316 201 5.26667 3.35
353 249 5.88333 4.15
367 195 6.11667 3.25
290 194 4.83333 3.23333
327 246 5.45 4.1
326 189 5.43333 3.15
343 208 5.71667 3.46667
307 194 5.11667 3.23333
341 246 5.68333 4.1
344 179 5.73333 2.98333
298 182 4.96667 3.03333
312 232 5.2 3.86667
321 175 5.35 2.91667
300 203 5 3.38333
354 278 5.9 4.63333
391 271 6.51667 4.51667
283 189 4.71667 3.15
311 171 5.18333 2.85
314 218 5.23333 3.63333
333 180 5.55 3
290 185 4.83333 3.08333
289 199 4.81667 3.31667
371 236 6.18333 3.93333
374 216 6.23333 3.6
299 239 4.98333 3.98333
309 197 5.15 3.28333
346 271 5.76667 4.51667
286 195 4.76667 3.25
285 171 4.75 2.85
307 207 5.11667 3.45
335 224 5.58333 3.73333
309 217 5.15 3.61667
300 233 5 3.88333
311 206 5.18333 3.43333
306 213 5.1 3.55
340 226 5.66667 3.76667
295 180 4.91667 3
297 192 4.95 3.2
316 197 5.26667 3.28333
304 191 5.06667 3.18333
313 226 5.21667 3.76667
346 171 5.76667 2.85
376 220 6.26667 3.66667
298 174 4.96667 2.9
293 146 4.88333 2.43333
426 353 7.1 5.88333
368 243 6.13333 4.05
284 189 4.73333 3.15
426 284 7.1 4.73333
306 187 5.1 3.11667
345 224 5.75 3.73333
339 234 4.84286 3.34286
362 239 5.17143 3.41429
446 272 6.37143 3.88571
372 201 5.31429 2.87143
353 220 5.04286 3.14286
561 310 8.01429 4.42857
444 226 6.34286 3.22857
449 257 6.41429 3.67143
411 243 5.87143 3.47143
382 230 5.45714 3.28571
412 237 5.88571 3.38571
363 240 5.18571 3.42857
390 275 5.57143 3.92857
521 359 7.44286 5.12857
401 289 5.72857 4.12857
429 239 6.12857 3.41429
406 306 5.8 4.37143
382 296 5.45714 4.22857
378 238 5.4 3.4
390 237 5.57143 3.38571
386 247 5.51429 3.52857
370 192 5.28571 2.74286
379 193 5.41429 2.75714
475 391 6.78571 5.58571
402 325 5.74286 4.64286
396 211 5.65714 3.01429
378 205 5.4 2.92857
402 203 5.74286 2.9
369 263 5.27143 3.75714
334 224 4.77143 3.2
457 373 6.52857 5.32857
353 235 5.04286 3.35714
419 235 5.98571 3.35714
389 267 5.55714 3.81429
373 240 5.32857 3.42857
437 253 6.24286 3.61429
452 302 6.45714 4.31429
425 264 6.07143 3.77143
375 254 5.35714 3.62857
453 323 6.47143 4.61429
358 251 5.11429 3.58571
419 254 5.98571 3.62857
427 228 6.1 3.25714
435 352 6.21429 5.02857
397 217 5.67143 3.1
443 233 6.32857 3.32857
395 251 5.64286 3.58571
450 349 6.42857 4.98571
499 286 7.12857 4.08571
389 307 5.55714 4.38571
442 317 6.31429 4.52857
363 258 5.18571 3.68571
361 236 5.15714 3.37143
427 307 6.1 4.38571
348 244 4.97143 3.48571
424 293 6.05714 4.18571
431 325 6.15714 4.64286
384 301 5.48571 4.3
356 234 5.08571 3.34286
415 244 5.92857 3.48571
367 239 5.24286 3.41429
364 255 5.2 3.64286
397 253 5.67143 3.61429
436 302 6.22857 4.31429
571 387 8.15714 5.52857
399 243 5.7 3.47143
393 205 5.61429 2.92857
452 282 6.45714 4.02857
431 344 6.15714 4.91429
404 247 5.77143 3.52857
373 204 5.32857 2.91429
407 286 5.81429 4.08571
379 294 5.41429 4.2
579 349 8.27143 4.98571
384 249 5.48571 3.55714
430 287 6.14286 4.1
410 190 5.85714 2.71429
369 252 5.27143 3.6
396 176 5.65714 2.51429
349 228 4.98571 3.25714
464 293 6.62857 4.18571
548 343 7.82857 4.9
400 228 5.71429 3.25714
421 239 6.01429 3.41429
377 243 5.38571 3.47143
502 296 7.17143 4.22857
412 235 5.88571 3.35714
391 189 5.58571 2.7
412 260 5.88571 3.71429
385 214 5.5 3.05714
533 328 7.61429 4.68571
480 202 6.85714 2.88571
366 211 5.22857 3.01429
371 232 5.3 3.31429
422 299 6.02857 4.27143
373 240 5.32857 3.42857
386 217 5.51429 3.1
402 240 5.74286 3.42857
453 317 6.47143 4.52857
399 183 5.7 2.61429
527 342 6.5875 4.275
556 349 6.95 4.3625
428 314 5.35 3.925
460 321 5.75 4.0125
485 345 6.0625 4.3125
474 293 5.925 3.6625
564 321 7.05 4.0125
486 335 6.075 4.1875
479 309 5.9875 3.8625
526 321 6.575 4.0125
643 490 8.0375 6.125
435 245 5.4375 3.0625
488 261 6.1 3.2625
643 309 8.0375 3.8625
498 397 6.225 4.9625
456 244 5.7 3.05
589 386 7.3625 4.825
451 275 5.6375 3.4375
593 377 7.4125 4.7125
479 313 5.9875 3.9125
472 294 5.9 3.675
451 296 5.6375 3.7
458 314 5.725 3.925
472 293 5.9 3.6625
471 318 5.8875 3.975
463 271 5.7875 3.3875
427 219 5.3375 2.7375
471 326 5.8875 4.075
442 290 5.525 3.625
439 261 5.4875 3.2625
554 293 6.925 3.6625
456 269 5.7 3.3625
481 332 6.0125 4.15
543 373 6.7875 4.6625
424 288 5.3 3.6
524 310 6.55 3.875
532 269 6.65 3.3625
546 391 6.825 4.8875
489 324 6.1125 4.05
684 369 8.55 4.6125
427 289 5.3375 3.6125
484 339 6.05 4.2375
559 341 6.9875 4.2625
490 342 6.125 4.275
582 406 7.275 5.075
436 292 5.45 3.65
496 329 6.2 4.1125
481 372 6.0125 4.65
430 261 5.375 3.2625
494 328 6.175 4.1
478 326 5.975 4.075
507 341 6.3375 4.2625
461 336 5.7625 4.2
472 353 5.9 4.4125
525 315 6.5625 3.9375
447 294 5.5875 3.675
478 316 5.975 3.95
464 293 5.8 3.6625
451 240 5.6375 3
442 300 5.525 3.75
478 309 5.975 3.8625
587 448 7.3375 5.6
426 252 5.325 3.15
551 318 6.8875 3.975
416 250 5.2 3.125
486 313 6.075 3.9125
480 337 6 4.2125
443 266 5.5375 3.325
467 273 5.8375 3.4125
469 252 5.8625 3.15
579 355 7.2375 4.4375
474 344 5.925 4.3
491 275 6.1375 3.4375
426 301 5.325 3.7625
411 250 5.1375 3.125
580 459 7.25 5.7375
516 322 6.45 4.025
459 314 5.7375 3.925
479 336 5.9875 4.2
456 277 5.7 3.4625
495 361 6.1875 4.5125
476 309 5.95 3.8625
513 287 6.4125 3.5875
438 265 5.475 3.3125
436 298 5.45 3.725
543 363 6.7875 4.5375
476 353 5.95 4.4125
442 228 5.525 2.85
472 308 5.9 3.85
522 369 6.525 4.6125
428 277 5.35 3.4625
466 349 5.825 4.3625
445 222 5.5625 2.775
489 235 6.1125 2.9375
492 231 6.15 2.8875
435 287 5.4375 3.5875
419 241 5.2375 3.0125
426 294 5.325 3.675
458 271 5.725 3.3875
465 330 5.8125 4.125
576 397 6.4 4.41111
646 354 7.17778 3.93333
542 330 6.02222 3.66667
541 336 6.01111 3.73333
515 318 5.72222 3.53333
571 253 6.34444 2.81111
591 333 6.56667 3.7
568 259 6.31111 2.87778
516 323 5.73333 3.58889
513 318 5.7 3.53333
513 323 5.7 3.58889
505 369 5.61111 4.1
542 384 6.02222 4.26667
570 340 6.33333 3.77778
546 279 6.06667 3.1
497 283 5.52222 3.14444
565 383 6.27778 4.25556
623 311 6.92222 3.45556
508 316 5.64444 3.51111
597 326 6.63333 3.62222
562 377 6.24444 4.18889
495 301 5.5 3.34444
507 340 5.63333 3.77778
716 453 7.95556 5.03333
632 373 7.02222 4.14444
547 362 6.07778 4.02222
508 340 5.64444 3.77778
604 374 6.71111 4.15556
570 288 6.33333 3.2
610 354 6.77778 3.93333
596 325 6.62222 3.61111
555 269 6.16667 2.98889
596 330 6.62222 3.66667
567 394 6.3 4.37778
605 457 6.72222 5.07778
543 343 6.03333 3.81111
535 284 5.94444 3.15556
495 300 5.5 3.33333
553 335 6.14444 3.72222
621 473 6.9 5.25556
525 366 5.83333 4.06667
649 356 7.21111 3.95556
552 393 6.13333 4.36667
497 312 5.52222 3.46667
557 366 6.18889 4.06667
710 533 7.88889 5.92222
539 379 5.98889 4.21111
497 348 5.52222 3.86667
496 336 5.51111 3.73333
565 343 6.27778 3.81111
475 321 5.27778 3.56667
578 351 6.42222 3.9
526 362 5.84444 4.02222
539 321 5.98889 3.56667
520 342 5.77778 3.8
493 314 5.47778 3.48889
523 333 5.81111 3.7
580 373 6.44444 4.14444
570 339 6.33333 3.76667
590 374 6.55556 4.15556
493 331 5.47778 3.67778
497 353 5.52222 3.92222
530 373 5.88889 4.14444
607 385 6.74444 4.27778
615 348 6.83333 3.86667
630 293 7 3.25556
566 360 6.28889 4
567 344 6.3 3.82222
722 501 8.02222 5.56667
571 366 6.34444 4.06667
584 334 6.48889 3.71111
572 376 6.35556 4.17778
482 282 5.35556 3.13333
531 309 5.9 3.43333
630 290 7 3.22222
525 361 5.83333 4.01111
526 341 5.84444 3.78889
657 448 7.3 4.97778
504 332 5.6 3.68889
540 298 6 3.31111
614 333 6.82222 3.7
490 332 5.44444 3.68889
598 407 6.64444 4.52222
486 333 5.4 3.7
523 320 5.81111 3.55556
570 392 6.33333 4.35556
559 366 6.21111 4.06667
618 444 6.86667 4.93333
613 393 6.81111 4.36667
620 455 6.88889 5.05556
604 435 6.71111 4.83333
542 364 6.02222 4.04444
529 350 5.87778 3.88889
567 407 6.3 4.52222
604 393 6.71111 4.36667
543 287 6.03333 3.18889
486 325 5.4 3.61111
656 459 7.28889 5.1
584 291 6.48889 3.23333
550 301 6.11111 3.34444
758 441 7.58 4.41
603 426 6.03 4.26
635 400 6.35 4
571 335 5.71 3.35
607 364 6.07 3.64
658 345 6.58 3.45
587 400 5.87 4
721 440 7.21 4.4
626 363 6.26 3.63
589 389 5.89 3.89
666 410 6.66 4.1
605 336 6.05 3.36
714 314 7.14 3.14
624 317 6.24 3.17
612 388 6.12 3.88
641 471 6.41 4.71
743 533 7.43 5.33
666 407 6.66 4.07
646 349 6.46 3.49
660 479 6.6 4.79
750 453 7.5 4.53
708 410 7.08 4.1
586 420 5.86 4.2
569 332 5.69 3.32
677 417 6.77 4.17
736 371 7.36 3.71
677 480 6.77 4.8
608 388 6.08 3.88
634 424 6.34 4.24
702 480 7.02 4.8
700 470 7 4.7
637 383 6.37 3.83
622 429 6.22 4.29
671 452 6.71 4.52
717 403 7.17 4.03
673 395 6.73 3.95
612 326 6.12 3.26
722 481 7.22 4.81
731 451 7.31 4.51
639 456 6.39 4.56
630 356 6.3 3.56
608 405 6.08 4.05
649 340 6.49 3.4
666 466 6.66 4.66
674 371 6.74 3.71
601 355 6.01 3.55
764 480 7.64 4.8
692 374 6.92 3.74
562 386 5.62 3.86
616 404 6.16 4.04
727 581 7.27 5.81
610 426 6.1 4.26
570 348 5.7 3.48
740 464 7.4 4.64
637 332 6.37 3.32
707 408 7.07 4.08
643 353 6.43 3.53
656 460 6.56 4.6
628 400 6.28 4
789 487 7.89 4.87
797 523 7.97 5.23
799 433 7.99 4.33
606 449 6.06 4.49
688 402 6.88 4.02
628 296 6.28 2.96
645 393 6.45 3.93
601 432 6.01 4.32
627 348 6.27 3.48
751 408 7.51 4.08
595 347 5.95 3.47
598 359 5.98 3.59
708 447 7.08 4.47
667 377 6.67 3.77
657 336 6.57 3.36
750 468 7.5 4.68
585 327 5.85 3.27
633 347 6.33 3.47
657 333 6.57 3.33
695 386 6.95 3.86
629 450 6.29 4.5
611 385 6.11 3.85
722 471 7.22 4.71
656 369 6.56 3.69
652 420 6.52 4.2
659 397 6.59 3.97
661 466 6.61 4.66
698 364 6.98 3.64
648 415 6.48 4.15
631 385 6.31 3.85
655 465 6.55 4.65
648 435 6.48 4.35
634 334 6.34 3.34
684 477 6.84 4.77
657 298 6.57 2.98
700 413 7 4.13
599 405 5.99 4.05
705 412 7.05 4.12
754 474 7.54 4.74
625 423 6.25 4.23
632 333 6.32 3.33
752 556 6.83636 5.05455
617 357 5.60909 3.24545
663 454 6.02727 4.12727
687 389 6.24545 3.53636
715 451 6.5 4.1
770 421 7 3.82727
678 420 6.16364 3.81818
707 461 6.42727 4.19091
772 408 7.01818 3.70909
639 437 5.80909 3.97273
771 396 7.00909 3.6
763 456 6.93636 4.14545
730 413 6.63636 3.75455
777 427 7.06364 3.88182
817 457 7.42727 4.15455
973 534 8.84545 4.85455
684 458 6.21818 4.16364
749 466 6.80909 4.23636
757 502 6.88182 4.56364
733 501 6.66364 4.55455
662 420 6.01818 3.81818
818 546 7.43636 4.96364
690 388 6.27273 3.52727
623 379 5.66364 3.44545
679 469 6.17273 4.26364
794 495 7.21818 4.5
763 496 6.93636 4.50909
704 438 6.4 3.98182
783 450 7.11818 4.09091
711 458 6.46364 4.16364
691 423 6.28182 3.84545
679 489 6.17273 4.44545
724 448 6.58182 4.07273
657 414 5.97273 3.76364
701 359 6.37273 3.26364
753 550 6.84545 5
693 451 6.3 4.1
687 395 6.24545 3.59091
654 454 5.94545 4.12727
723 438 6.57273 3.98182
740 568 6.72727 5.16364
802 433 7.29091 3.93636
784 471 7.12727 4.28182
709 434 6.44545 3.94545
726 513 6.6 4.66364
758 442 6.89091 4.01818
832 552 7.56364 5.01818
665 471 6.04545 4.28182
740 507 6.72727 4.60909
713 335 6.48182 3.04545
689 459 6.26364 4.17273
629 365 5.71818 3.31818
676 443 6.14545 4.02727
756 570 6.87273 5.18182
682 432 6.2 3.92727
852 537 7.74545 4.88182
738 484 6.70909 4.4
749 525 6.80909 4.77273
784 454 7.12727 4.12727
709 404 6.44545 3.67273
665 352 6.04545 3.2
842 572 7.65455 5.2
807 497 7.33636 4.51818
774 408 7.03636 3.70909
671 374 6.1 3.4
699 445 6.35455 4.04545
806 467 7.32727 4.24545
616 406 5.6 3.69091
886 691 8.05455 6.28182
851 462 7.73636 4.2
795 410 7.22727 3.72727
642 418 5.83636 3.8
634 376 5.76364 3.41818
722 439 6.56364 3.99091
843 561 7.66364 5.1
722 516 6.56364 4.69091
709 407 6.44545 3.7
818 536 7.43636 4.87273
816 361 7.41818 3.28182
673 433 6.11818 3.93636
749 372 6.80909 3.38182
805 460 7.31818 4.18182
642 368 5.83636 3.34545
755 446 6.86364 4.05455
664 365 6.03636 3.31818
771 565 7.00909 5.13636
672 476 6.10909 4.32727
763 514 6.93636 4.67273
847 559 7.7 5.08182
751 438 6.82727 3.98182
735 483 6.68182 4.39091
657 431 5.97273 3.91818
771 445 7.00909 4.04545
759 488 6.9 4.43636
663 451 6.02727 4.1
679 398 6.17273 3.61818
620 410 5.63636 3.72727
741 467 6.73636 4.24545
765 460 6.95455 4.18182
681 453 6.19091 4.11818
835 408 6.95833 3.4
793 515 6.60833 4.29167
902 663 7.51667 5.525
768 538 6.4 4.48333
957 720 7.975 6
753 530 6.275 4.41667
871 477 7.25833 3.975
753 451 6.275 3.75833
851 559 7.09167 4.65833
813 492 6.775 4.1
907 557 7.55833 4.64167
710 508 5.91667 4.23333
844 522 7.03333 4.35
860 349 7.16667 2.90833
856 564 7.13333 4.7
784 424 6.53333 3.53333
787 537 6.55833 4.475
888 392 7.4 3.26667
679 432 5.65833 3.6
811 506 6.75833 4.21667
729 452 6.075 3.76667
862 592 7.18333 4.93333
742 484 6.18333 4.03333
861 503 7.175 4.19167
776 406 6.46667 3.38333
814 490 6.78333 4.08333
764 489 6.36667 4.075
810 539 6.75 4.49167
733 493 6.10833 4.10833
882 463 7.35 3.85833
731 438 6.09167 3.65
784 576 6.53333 4.8
735 410 6.125 3.41667
733 464 6.10833 3.86667
845 530 7.04167 4.41667
717 512 5.975 4.26667
927 497 7.725 4.14167
835 609 6.95833 5.075
984 509 8.2 4.24167
1005 635 8.375 5.29167
754 535 6.28333 4.45833
785 566 6.54167 4.71667
730 492 6.08333 4.1
831 518 6.925 4.31667
800 468 6.66667 3.9
870 560 7.25 4.66667
863 456 7.19167 3.8
806 484 6.71667 4.03333
791 451 6.59167 3.75833
719 471 5.99167 3.925
829 581 6.90833 4.84167
907 617 7.55833 5.14167
827 515 6.89167 4.29167
785 404 6.54167 3.36667
768 506 6.4 4.21667
822 407 6.85 3.39167
1046 695 8.71667 5.79167
725 482 6.04167 4.01667
798 443 6.65 3.69167
732 456 6.1 3.8
763 480 6.35833 4
742 511 6.18333 4.25833
717 452 5.975 3.76667
736 469 6.13333 3.90833
865 554 7.20833 4.61667
743 451 6.19167 3.75833
951 747 7.925 6.225
847 452 7.05833 3.76667
769 503 6.40833 4.19167
863 571 7.19167 4.75833
836 527 6.96667 4.39167
740 493 6.16667 4.10833
722 436 6.01667 3.63333
743 463 6.19167 3.85833
801 456 6.675 3.8
850 498 7.08333 4.15
891 595 7.425 4.95833
894 606 7.45 5.05
772 412 6.43333 3.43333
920 546 7.66667 4.55
874 553 7.28333 4.60833
867 647 7.225 5.39167
887 578 7.39167 4.81667
816 558 6.8 4.65
830 643 6.91667 5.35833
791 446 6.59167 3.71667
773 502 6.44167 4.18333
788 501 6.56667 4.175
983 628 8.19167 5.23333
763 438 6.35833 3.65
858 624 7.15 5.2
887 597 7.39167 4.975
838 544 6.98333 4.53333
726 432 6.05 3.6
943 487 7.85833 4.05833
815 462 6.79167 3.85
1180 869 9.83333 7.24167
810 493 6.75 4.10833
952 632 7.93333 5.26667
893 563 7.44167 4.69167
863 566 6.63846 4.35385
1000 520 7.69231 4
1039 504 7.99231 3.87692
947 622 7.28462 4.78462
917 532 7.05385 4.09231
932 584 7.16923 4.49231
897 469 6.9 3.60769
868 447 6.67692 3.43846
1065 586 8.19231 4.50769
984 517 7.56923 3.97692
1032 533 7.93846 4.1
801 550 6.16154 4.23077
838 482 6.44615 3.70769
956 561 7.35385 4.31538
853 485 6.56154 3.73077
878 471 6.75385 3.62308
957 727 7.36154 5.59231
958 542 7.36923 4.16923
1039 624 7.99231 4.8
933 623 7.17692 4.79231
933 592 7.17692 4.55385
819 455 6.3 3.5
918 460 7.06154 3.53846
863 595 6.63846 4.57692
847 500 6.51538 3.84615
998 611 7.67692 4.7
809 510 6.22308 3.92308
1040 767 8 5.9
943 549 7.25385 4.22308
938 483 7.21538 3.71538
807 521 6.20769 4.00769
906 577 6.96923 4.43846
897 562 6.9 4.32308
951 558 7.31538 4.29231
932 594 7.16923 4.56923
1005 726 7.73077 5.58462
811 526 6.23846 4.04615
936 721 7.2 5.54615
895 470 6.88462 3.61538
973 495 7.48462 3.80769
867 495 6.66923 3.80769
1001 630 7.7 4.84615
1077 615 8.28462 4.73077
886 535 6.81538 4.11538
816 535 6.27692 4.11538
966 588 7.43077 4.52308
957 594 7.36154 4.56923
897 529 6.9 4.06923
902 509 6.93846 3.91538
800 509 6.15385 3.91538
947 499 7.28462 3.83846
925 510 7.11538 3.92308
896 520 6.89231 4
925 610 7.11538 4.69231
866 585 6.66154 4.5
835 573 6.42308 4.40769
936 457 7.2 3.51538
1107 566 8.51538 4.35385
928 418 7.13846 3.21538
875 554 6.73077 4.26154
868 461 6.67692 3.54615
859 596 6.60769 4.58462
1016 569 7.81538 4.37692
873 496 6.71538 3.81538
905 538 6.96154 4.13846
872 499 6.70769 3.83846
913 673 7.02308 5.17692
756 451 5.81538 3.46923
906 531 6.96923 4.08462
865 484 6.65385 3.72308
789 506 6.06923 3.89231
789 478 6.06923 3.67692
933 658 7.17692 5.06154
1008 661 7.75385 5.08462
857 531 6.59231 4.08462
857 500 6.59231 3.84615
972 644 7.47692 4.95385
927 554 7.13077 4.26154
792 521 6.09231 4.00769
885 530 6.80769 4.07692
995 600 7.65385 4.61538
959 547 7.37692 4.20769
898 477 6.90769 3.66923
883 650 6.79231 5
976 656 7.50769 5.04615
976 651 7.50769 5.00769
938 561 7.21538 4.31538
934 583 7.18462 4.48462
830 549 6.38462 4.22308
909 628 6.99231 4.83077
844 558 6.49231 4.29231
916 523 7.04615 4.02308
868 590 6.67692 4.53846
892 612 6.86154 4.70769
1013 504 7.79231 3.87692
842 533 6.47692 4.1
841 499 6.46923 3.83846
855 654 6.57692 5.03077
833 509 6.40769 3.91538
1097 580 8.43846 4.46154
1069 534 7.63571 3.81429
873 489 6.23571 3.49286
880 563 6.28571 4.02143
1027 532 7.33571 3.8
951 576 6.79286 4.11429
943 638 6.73571 4.55714
1204 714 8.6 5.1
1011 707 7.22143 5.05
878 547 6.27143 3.90714
977 581 6.97857 4.15
1018 540 7.27143 3.85714
1032 612 7.37143 4.37143
1035 560 7.39286 4
1081 638 7.72143 4.55714
881 526 6.29286 3.75714
947 636 6.76429 4.54286
1050 667 7.5 4.76429
1130 753 8.07143 5.37857
921 513 6.57857 3.66429
1048 618 7.48571 4.41429
1082 586 7.72857 4.18571
927 538 6.62143 3.84286
946 563 6.75714 4.02143
1063 756 7.59286 5.4
988 679 7.05714 4.85
919 617 6.56429 4.40714
878 535 6.27143 3.82143
1138 490 8.12857 3.5
932 468 6.65714 3.34286
1062 667 7.58571 4.76429
923 560 6.59286 4
950 568 6.78571 4.05714
925 497 6.60714 3.55
1169 611 8.35 4.36429
1051 659 7.50714 4.70714
926 529 6.61429 3.77857
1035 680 7.39286 4.85714
882 572 6.3 4.08571
968 645 6.91429 4.60714
980 576 7 4.11429
881 554 6.29286 3.95714
964 626 6.88571 4.47143
1123 567 8.02143 4.05
1055 649 7.53571 4.63571
974 551 6.95714 3.93571
1041 550 7.43571 3.92857
1125 724 8.03571 5.17143
993 635 7.09286 4.53571
877 603 6.26429 4.30714
938 586 6.7 4.18571
1066 638 7.61429 4.55714
1018 638 7.27143 4.55714
958 644 6.84286 4.6
1104 540 7.88571 3.85714
1027 719 7.33571 5.13571
1063 557 7.59286 3.97857
928 647 6.62857 4.62143
1021 556 7.29286 3.97143
1011 544 7.22143 3.88571
939 571 6.70714 4.07857
963 599 6.87857 4.27857
1034 678 7.38571 4.84286
1119 693 7.99286 4.95
848 434 6.05714 3.1
1037 571 7.40714 4.07857
925 536 6.60714 3.82857
948 548 6.77143 3.91429
1134 600 8.1 4.28571
1214 768 8.67143 5.48571
904 572 6.45714 4.08571
1071 497 7.65 3.55
1033 616 7.37857 4.4
1027 602 7.33571 4.3
1102 708 7.87143 5.05714
1032 711 7.37143 5.07857
911 557 6.50714 3.97857
953 556 6.80714 3.97143
946 675 6.75714 4.82143
847 507 6.05 3.62143
1083 789 7.73571 5.63571
936 591 6.68571 4.22143
988 675 7.05714 4.82143
964 528 6.88571 3.77143
1024 690 7.31429 4.92857
1015 693 7.25 4.95
883 517 6.30714 3.69286
1099 633 7.85 4.52143
1081 619 7.72143 4.42143
1044 713 7.45714 5.09286
1021 662 7.29286 4.72857
1124 778 8.02857 5.55714
1174 812 8.38571 5.8
982 540 7.01429 3.85714
1017 645 7.26429 4.60714
966 675 6.9 4.82143
1103 515 7.87857 3.67857
923 543 6.59286 3.87857
872 519 6.22857 3.70714
1062 646 7.58571 4.61429
926 593 6.61429 4.23571
1175 701 7.83333 4.67333
944 622 6.29333 4.14667
1196 775 7.97333 5.16667
1075 708 7.16667 4.72
1037 695 6.91333 4.63333
1079 659 7.19333 4.39333
1066 670 7.10667 4.46667
1042 731 6.94667 4.87333
1163 669 7.75333 4.46
1154 639 7.69333 4.26
928 541 6.18667 3.60667
1382 737 9.21333 4.91333
1048 711 6.98667 4.74
1177 696 7.84667 4.64
956 586 6.37333 3.90667
1077 734 7.18 4.89333
1074 561 7.16 3.74
1336 524 8.90667 3.49333
1067 705 7.11333 4.7
1032 679 6.88 4.52667
1022 568 6.81333 3.78667
1135 615 7.56667 4.1
1055 682 7.03333 4.54667
1149 775 7.66 5.16667
1179 688 7.86 4.58667
1004 665 6.69333 4.43333
1011 664 6.74 4.42667
1011 553 6.74 3.68667
1161 725 7.74 4.83333
976 560 6.50667 3.73333
1057 671 7.04667 4.47333
1276 659 8.50667 4.39333
1057 631 7.04667 4.20667
1034 683 6.89333 4.55333
1070 656 7.13333 4.37333
1170 573 7.8 3.82
1121 750 7.47333 5
1002 701 6.68 4.67333
1074 588 7.16 3.92
1030 657 6.86667 4.38
1150 746 7.66667 4.97333
1016 638 6.77333 4.25333
1038 621 6.92 4.14
1031 656 6.87333 4.37333
1030 676 6.86667 4.50667
1010 518 6.73333 3.45333
1130 762 7.53333 5.08
1044 755 6.96 5.03333
1063 737 7.08667 4.91333
1062 657 7.08 4.38
1147 700 7.64667 4.66667
977 644 6.51333 4.29333
1066 823 7.10667 5.48667
1222 817 8.14667 5.44667
1127 765 7.51333 5.1
1046 641 6.97333 4.27333
1197 739 7.98 4.92667
985 660 6.56667 4.4
1149 553 7.66 3.68667
949 556 6.32667 3.70667
1006 706 6.70667 4.70667
1084 724 7.22667 4.82667
1087 604 7.24667 4.02667
1055 706 7.03333 4.70667
1202 789 8.01333 5.26
1012 528 6.74667 3.52
1180 746 7.86667 4.97333
992 693 6.61333 4.62
957 603 6.38 4.02
1058 710 7.05333 4.73333
1138 787 7.58667 5.24667
1104 656 7.36 4.37333
977 659 6.51333 4.39333
1089 677 7.26 4.51333
1017 636 6.78 4.24
1037 661 6.91333 4.40667
1019 632 6.79333 4.21333
1380 890 9.2 5.93333
1029 535 6.86 3.56667
1083 721 7.22 4.80667
950 507 6.33333 3.38
1039 725 6.92667 4.83333
1052 626 7.01333 4.17333
1006 567 6.70667 3.78
1199 825 7.99333 5.5
1110 622 7.4 4.14667
1165 767 7.76667 5.11333
1038 631 6.92 4.20667
1146 685 7.64 4.56667
1126 731 7.50667 4.87333
1093 692 7.28667 4.61333
992 617 6.61333 4.11333
999 600 6.66 4
1048 644 6.98667 4.29333
1134 742 7.56 4.94667
1057 588 7.04667 3.92
993 540 6.62 3.6
1285 871 8.56667 5.80667
1051 554 7.00667 3.69333
1069 734 7.12667 4.89333
1285 819 8.03125 5.11875
1284 815 8.025 5.09375
1155 703 7.21875 4.39375
1234 779 7.7125 4.86875
1167 693 7.29375 4.33125
1124 708 7.025 4.425
1300 914 8.125 5.7125
1171 675 7.31875 4.21875
1079 608 6.74375 3.8
1254 619 7.8375 3.86875
1373 858 8.58125 5.3625
1169 740 7.30625 4.625
1176 809 7.35 5.05625
1174 763 7.3375 4.76875
1122 712 7.0125 4.45
1123 668 7.01875 4.175
1103 653 6.89375 4.08125
1306 865 8.1625 5.40625
1197 563 7.48125 3.51875
1113 611 6.95625 3.81875
1268 702 7.925 4.3875
1102 682 6.8875 4.2625
1053 607 6.58125 3.79375
1229 837 7.68125 5.23125
1422 1054 8.8875 6.5875
1251 726 7.81875 4.5375
1102 657 6.8875 4.10625
1018 646 6.3625 4.0375
1184 807 7.4 5.04375
1236 682 7.725 4.2625
1078 665 6.7375 4.15625
1250 662 7.8125 4.1375
1037 595 6.48125 3.71875
1136 805 7.1 5.03125
1186 676 7.4125 4.225
1144 638 7.15 3.9875
1202 606 7.5125 3.7875
1149 692 7.18125 4.325
1507 1012 9.41875 6.325
1256 685 7.85 4.28125
1098 555 6.8625 3.46875
1157 652 7.23125 4.075
1125 796 7.03125 4.975
1162 750 7.2625 4.6875
1372 821 8.575 5.13125
1248 631 7.8 3.94375
1289 888 8.05625 5.55
1164 565 7.275 3.53125
1155 725 7.21875 4.53125
1093 761 6.83125 4.75625
1201 761 7.50625 4.75625
1014 668 6.3375 4.175
1141 808 7.13125 5.05
1117 614 6.98125 3.8375
1085 616 6.78125 3.85
1219 885 7.61875 5.53125
1186 679 7.4125 4.24375
1161 763 7.25625 4.76875
1210 587 7.5625 3.66875
1206 701 7.5375 4.38125
1050 705 6.5625 4.40625
1112 640 6.95 4
1146 737 7.1625 4.60625
1119 679 6.99375 4.24375
1176 734 7.35 4.5875
1104 801 6.9 5.00625
1338 884 8.3625 5.525
1102 761 6.8875 4.75625
1484 573 9.275 3.58125
1171 784 7.31875 4.9
1250 791 7.8125 4.94375
1027 661 6.41875 4.13125
1093 630 6.83125 3.9375
1067 563 6.66875 3.51875
1099 659 6.86875 4.11875
1384 782 8.65 4.8875
1362 784 8.5125 4.9
1278 568 7.9875 3.55
1130 627 7.0625 3.91875
1239 752 7.74375 4.7
1316 696 8.225 4.35
1079 650 6.74375 4.0625
1204 673 7.525 4.20625
1184 536 7.4 3.35
1173 598 7.33125 3.7375
1269 616 7.93125 3.85
1139 678 7.11875 4.2375
1073 549 6.70625 3.43125
1137 811 7.10625 5.06875
1180 669 7.375 4.18125
1192 704 7.45 4.4
1241 740 7.75625 4.625
1028 648 6.425 4.05
1210 768 7.5625 4.8
1135 710 7.09375 4.4375
1180 786 7.375 4.9125
1258 852 7.8625 5.325
1310 716 8.1875 4.475
1100 777 6.875 4.85625
1221 716 7.63125 4.475
1173 612 6.9 3.6
1226 923 7.21176 5.42941
1333 866 7.84118 5.09412
1207 678 7.1 3.98824
1226 835 7.21176 4.91176
1368 825 8.04706 4.85294
1324 717 7.78824 4.21765
1162 743 6.83529 4.37059
1240 704 7.29412 4.14118
1410 1017 8.29412 5.98235
1208 851 7.10588 5.00588
1181 697 6.94706 4.1
1242 644 7.30588 3.78824
1420 881 8.35294 5.18235
1191 718 7.00588 4.22353
1299 889 7.64118 5.22941
1345 840 7.91176 4.94118
1268 700 7.45882 4.11765
1162 609 6.83529 3.58235
1202 700 7.07059 4.11765
1242 702 7.30588 4.12941
1144 539 6.72941 3.17059
1055 673 6.20588 3.95882
1161 687 6.82941 4.04118
1206 707 7.09412 4.15882
1324 756 7.78824 4.44706
1234 658 7.25882 3.87059
1311 842 7.71176 4.95294
1161 787 6.82941 4.62941
1320 806 7.76471 4.74118
1269 952 7.46471 5.6
1346 906 7.91765 5.32941
1258 692 7.4 4.07059
1153 685 6.78235 4.02941
1211 871 7.12353 5.12353
1274 758 7.49412 4.45882
1177 770 6.92353 4.52941
1213 739 7.13529 4.34706
1183 716 6.95882 4.21176
1362 813 8.01176 4.78235
1249 865 7.34706 5.08824
1276 789 7.50588 4.64118
1230 726 7.23529 4.27059
1332 814 7.83529 4.78824
1308 906 7.69412 5.32941
1190 675 7 3.97059
1250 611 7.35294 3.59412
1333 928 7.84118 5.45882
1320 853 7.76471 5.01765
1251 622 7.35882 3.65882
1251 692 7.35882 4.07059
1583 921 9.31176 5.41765
1281 712 7.53529 4.18824
1208 616 7.10588 3.62353
1455 987 8.55882 5.80588
1140 623 6.70588 3.66471
1266 693 7.44706 4.07647
1257 786 7.39412 4.62353
1330 936 7.82353 5.50588
1625 858 9.55882 5.04706
1254 687 7.37647 4.04118
1150 622 6.76471 3.65882
1313 746 7.72353 4.38824
1232 772 7.24706 4.54118
1420 969 8.35294 5.7
1242 826 7.30588 4.85882
1227 721 7.21765 4.24118
1265 853 7.44118 5.01765
1349 913 7.93529 5.37059
1173 616 6.9 3.62353
1187 648 6.98235 3.81176
1401 827 8.24118 4.86471
1279 808 7.52353 4.75294
1244 705 7.31765 4.14706
1169 815 6.87647 4.79412
1320 686 7.76471 4.03529
1135 607 6.67647 3.57059
1370 856 8.05882 5.03529
1158 649 6.81176 3.81765
1281 959 7.53529 5.64118
1300 705 7.64706 4.14706
1242 772 7.30588 4.54118
1293 860 7.60588 5.05882
1208 622 7.10588 3.65882
1238 715 7.28235 4.20588
1089 701 6.40588 4.12353
1442 1033 8.48235 6.07647
1276 745 7.50588 4.38235
1249 753 7.34706 4.42941
1283 728 7.54706 4.28235
1168 695 6.87059 4.08824
1215 791 7.14706 4.65294
1231 703 7.24118 4.13529
1348 845 7.92941 4.97059
1151 710 6.77059 4.17647
1550 1060 9.11765 6.23529
1450 752 8.52941 4.42353
1412 882 8.30588 5.18824
1235 700 7.26471 4.11765
1263 612 7.42941 3.6
1235 684 6.86111 3.8
1264 744 7.02222 4.13333
1267 732 7.03889 4.06667
1550 1227 8.61111 6.81667
1331 963 7.39444 5.35
1350 884 7.5 4.91111
1292 641 7.17778 3.56111
1264 745 7.02222 4.13889
1334 846 7.41111 4.7
1295 755 7.19444 4.19444
1196 768 6.64444 4.26667
1302 819 7.23333 4.55
1368 824 7.6 4.57778
1352 801 7.51111 4.45
1414 907 7.85556 5.03889
1314 836 7.3 4.64444
1494 879 8.3 4.88333
1323 810 7.35 4.5
1578 1169 8.76667 6.49444
1663 820 9.23889 4.55556
1241 746 6.89444 4.14444
1387 786 7.70556 4.36667
1459 973 8.10556 5.40556
1301 853 7.22778 4.73889
1229 885 6.82778 4.91667
1608 783 8.93333 4.35
1307 680 7.26111 3.77778
1700 1070 9.44444 5.94444
1368 823 7.6 4.57222
1396 751 7.75556 4.17222
1472 670 8.17778 3.72222
1339 743 7.43889 4.12778
1346 808 7.47778 4.48889
1242 739 6.9 4.10556
1282 689 7.12222 3.82778
1282 820 7.12222 4.55556
1459 901 8.10556 5.00556
1430 958 7.94444 5.32222
1615 1045 8.97222 5.80556
1379 746 7.66111 4.14444
1355 937 7.52778 5.20556
1244 720 6.91111 4
1292 891 7.17778 4.95
1406 815 7.81111 4.52778
1320 780 7.33333 4.33333
1466 700 8.14444 3.88889
1359 759 7.55 4.21667
1281 683 7.11667 3.79444
1381 716 7.67222 3.97778
1361 626 7.56111 3.47778
1300 763 7.22222 4.23889
1287 785 7.15 4.36111
1297 827 7.20556 4.59444
1267 821 7.03889 4.56111
1451 1018 8.06111 5.65556
1506 902 8.36667 5.01111
1330 893 7.38889 4.96111
1412 893 7.84444 4.96111
1335 889 7.41667 4.93889
1397 824 7.76111 4.57778
1360 883 7.55556 4.90556
1283 766 7.12778 4.25556
1277 854 7.09444 4.74444
1257 732 6.98333 4.06667
1445 853 8.02778 4.73889
1378 923 7.65556 5.12778
1295 764 7.19444 4.24444
1237 662 6.87222 3.67778
1291 865 7.17222 4.80556
1416 669 7.86667 3.71667
1431 946 7.95 5.25556
1371 938 7.61667 5.21111
1476 973 8.2 5.40556
1232 714 6.84444 3.96667
1365 792 7.58333 4.4
1268 716 7.04444 3.97778
1357 801 7.53889 4.45
1395 840 7.75 4.66667
1333 743 7.40556 4.12778
1336 792 7.42222 4.4
1328 707 7.37778 3.92778
1365 738 7.58333 4.1
1345 847 7.47222 4.70556
1422 980 7.9 5.44444
1399 988 7.77222 5.48889
1319 772 7.32778 4.28889
1464 737 8.13333 4.09444
1337 914 7.42778 5.07778
1318 836 7.32222 4.64444
1375 946 7.63889 5.25556
1254 753 6.96667 4.18333
1315 808 7.30556 4.48889
1352 917 7.51111 5.09444
1329 828 7.38333 4.6
1321 737 7.33889 4.09444
1290 769 7.16667 4.27222
1339 717 7.43889 3.98333
1353 771 7.51667 4.28333
1321 832 7.33889 4.62222
1468 885 8.15556 4.91667
1655 944 8.71053 4.96842
1498 954 7.88421 5.02105
1377 745 7.24737 3.92105
1692 931 8.90526 4.9
1235 711 6.5 3.74211
1555 720 8.18421 3.78947
1360 791 7.15789 4.16316
1399 906 7.36316 4.76842
1454 863 7.65263 4.54211
1466 971 7.71579 5.11053
1341 823 7.05789 4.33158
1309 851 6.88947 4.47895
1429 965 7.52105 5.07895
1426 869 7.50526 4.57368
1610 939 8.47368 4.94211
1396 902 7.34737 4.74737
1408 873 7.41053 4.59474
1390 978 7.31579 5.14737
1406 663 7.4 3.48947
1301 822 6.84737 4.32632
1601 790 8.42632 4.15789
1898 1098 9.98947 5.77895
1289 777 6.78421 4.08947
1538 794 8.09474 4.17895
1315 832 6.92105 4.37895
1279 695 6.73158 3.65789
1585 779 8.34211 4.1
1569 800 8.25789 4.21053
1585 1034 8.34211 5.44211
1420 931 7.47368 4.9
1572 917 8.27368 4.82632
1374 887 7.23158 4.66842
1381 703 7.26842 3.7
1359 836 7.15263 4.4
1358 800 7.14737 4.21053
1436 746 7.55789 3.92632
1452 839 7.64211 4.41579
1333 881 7.01579 4.63684
1383 796 7.27895 4.18947
1441 865 7.58421 4.55263
1457 821 7.66842 4.32105
1369 818 7.20526 4.30526
1593 991 8.38421 5.21579
1635 1092 8.60526 5.74737
1389 886 7.31053 4.66316
1516 919 7.97895 4.83684
1477 988 7.77368 5.2
1424 860 7.49474 4.52632
1377 795 7.24737 4.18421
1339 748 7.04737 3.93684
1497 924 7.87895 4.86316
1464 853 7.70526 4.48947
1514 744 7.96842 3.91579
1695 874 8.92105 4.6
1479 965 7.78421 5.07895
1622 1049 8.53684 5.52105
1284 689 6.75789 3.62632
1647 1186 8.66842 6.24211
1474 759 7.75789 3.99474
1361 869 7.16316 4.57368
1518 1054 7.98947 5.54737
1484 1057 7.81053 5.56316
1462 841 7.69474 4.42632
1419 740 7.46842 3.89474
1429 947 7.52105 4.98421
1621 1149 8.53158 6.04737
1573 867 8.27895 4.56316
1340 830 7.05263 4.36842
1570 1063 8.26316 5.59474
1470 917 7.73684 4.82632
1458 884 7.67368 4.65263
1437 994 7.56316 5.23158
1354 752 7.12632 3.95789
1347 828 7.08947 4.35789
1471 868 7.74211 4.56842
1482 1067 7.8 5.61579
1446 921 7.61053 4.84737
1866 1246 9.82105 6.55789
1405 788 7.39474 4.14737
1377 859 7.24737 4.52105
1471 994 7.74211 5.23158
1418 925 7.46316 4.86842
1387 878 7.3 4.62105
1410 951 7.42105 5.00526
1367 891 7.19474 4.68947
1389 823 7.31053 4.33158
1507 1041 7.93158 5.47895
1536 778 8.08421 4.09474
1394 767 7.33684 4.03684
1590 1037 8.36842 5.45789
1347 992 7.08947 5.22105
1424 750 7.49474 3.94737
1446 726 7.61053 3.82105
1384 748 7.28421 3.93684
1497 809 7.87895 4.25789
1372 867 7.22105 4.56316
1562 857 8.22105 4.51053
1521 841 8.00526 4.42632
1505 767 7.92105 4.03684
1577 928 8.3 4.88421
1998 977 9.99 4.885
1549 834 7.745 4.17
1472 960 7.36 4.8
1469 909 7.345 4.545
1633 962 8.165 4.81
1471 856 7.355 4.28
1485 859 7.425 4.295
1660 1128 8.3 5.64
1550 1101 7.75 5.505
1429 789 7.145 3.945
1404 878 7.02 4.39
1650 1188 8.25 5.94
1517 824 7.585 4.12
1406 930 7.03 4.65
1476 947 7.38 4.735
1570 888 7.85 4.44
1478 947 7.39 4.735
1669 1031 8.345 5.155
1644 775 8.22 3.875
1459 811 7.295 4.055
1417 879 7.085 4.395
1508 738 7.54 3.69
1565 872 7.825 4.36
1538 1040 7.69 5.2
1414 882 7.07 4.41
1397 856 6.985 4.28
1380 814 6.9 4.07
1549 921 7.745 4.605
1478 910 7.39 4.55
1594 787 7.97 3.935
1637 957 8.185 4.785
1572 1042 7.86 5.21
1749 1089 8.745 5.445
1474 868 7.37 4.34
1667 852 8.335 4.26
1497 983 7.485 4.915
1849 1212 9.245 6.06
1405 975 7.025 4.875
1969 878 9.845 4.39
1431 853 7.155 4.265
1724 1099 8.62 5.495
1582 1007 7.91 5.035
1645 803 8.225 4.015
1494 944 7.47 4.72
1487 1021 7.435 5.105
1746 1100 8.73 5.5
1736 965 8.68 4.825
1453 775 7.265 3.875
1959 863 9.795 4.315
1441 832 7.205 4.16
1523 911 7.615 4.555
1376 933 6.88 4.665
1588 912 7.94 4.56
1448 957 7.24 4.785
1647 954 8.235 4.77
1384 855 6.92 4.275
1446 845 7.23 4.225
1573 1111 7.865 5.555
1429 862 7.145 4.31
1600 887 8 4.435
1562 1009 7.81 5.045
1447 750 7.235 3.75
1798 911 8.99 4.555
1422 893 7.11 4.465
1570 1034 7.85 5.17
1641 1048 8.205 5.24
1906 1098 9.53 5.49
1525 1001 7.625 5.005
1568 868 7.84 4.34
1368 779 6.84 3.895
1706 1083 8.53 5.415
1540 1057 7.7 5.285
1610 1026 8.05 5.13
1893 693 9.465 3.465
1541 1024 7.705 5.12
1762 903 8.81 4.515
1532 1064 7.66 5.32
1439 786 7.195 3.93
1671 1046 8.355 5.23
1506 967 7.53 4.835
1661 1210 8.305 6.05
1488 816 7.44 4.08
1457 818 7.285 4.09
1510 870 7.55 4.35
1458 814 7.29 4.07
1458 859 7.29 4.295
1558 1088 7.79 5.44
1462 829 7.31 4.145
1471 781 7.355 3.905
1542 882 7.71 4.41
1676 977 8.38 4.885
1558 777 7.79 3.885
1489 926 7.445 4.63
1658 857 8.29 4.285
1467 826 7.335 4.13
1507 1014 7.535 5.07
1576 1061 7.88 5.305
1546 834 7.73 4.17
1494 909 7.47 4.545
1493 960 7.465 4.8
