23 17 2.3 1.7
27 20 2.7 2
27 24 2.7 2.4
21 18 2.1 1.8
22 16 2.2 1.6
24 18 2.4 1.8
27 10 2.7 1
20 15 2 1.5
28 22 2.8 2.2
23 22 2.3 2.2
61 44 3.05 2.2
62 51 3.1 2.55
62 50 3.1 2.5
80 58 4 2.9
73 61 3.65 3.05
60 43 3 2.15
63 40 3.15 2
98 76 4.9 3.8
70 49 3.5 2.45
81 73 4.05 3.65
123 94 4.1 3.13333
121 102 4.03333 3.4
134 85 4.46667 2.83333
152 128 5.06667 4.26667
117 83 3.9 2.76667
110 82 3.66667 2.73333
121 88 4.03333 2.93333
141 83 4.7 2.76667
130 109 4.33333 3.63333
136 120 4.53333 4
170 102 4.25 2.55
175 122 4.375 3.05
171 106 4.275 2.65
204 134 5.1 3.35
216 127 5.4 3.175
196 146 4.9 3.65
205 137 5.125 3.425
179 122 4.475 3.05
244 178 6.1 4.45
169 85 4.225 2.125
322 238 6.44 4.76
273 149 5.46 2.98
225 134 4.5 2.68
215 136 4.3 2.72
248 153 4.96 3.06
227 134 4.54 2.68
236 175 4.72 3.5
242 141 4.84 2.82
351 285 7.02 5.7
249 180 4.98 3.6
316 150 5.26667 2.5
342 217 5.7 3.61667
326 196 5.43333 3.26667
304 198 5.06667 3.3
315 170 5.25 2.83333
322 185 5.36667 3.08333
367 234 6.11667 3.9
294 162 4.9 2.7
292 177 4.86667 2.95
354 185 5.9 3.08333
351 229 5.01429 3.27143
391 257 5.58571 3.67143
379 206 5.41429 2.94286
395 204 5.64286 2.91429
350 260 5 3.71429
388 259 5.54286 3.7
421 218 6.01429 3.11429
389 252 5.55714 3.6
408 217 5.82857 3.1
480 288 6.85714 4.11429
596 323 7.45 4.0375
487 364 6.0875 4.55
518 385 6.475 4.8125
412 246 5.15 3.075
512 387 6.4 4.8375
475 334 5.9375 4.175
596 264 7.45 3.3
445 285 5.5625 3.5625
528 276 6.6 3.45
474 333 5.925 4.1625
617 498 6.85556 5.53333
615 400 6.83333 4.44444
573 415 6.36667 4.61111
522 345 5.8 3.83333
631 296 7.01111 3.28889
474 287 5.26667 3.18889
532 363 5.91111 4.03333
501 279 5.56667 3.1
567 287 6.3 3.18889
571 403 6.34444 4.47778
566 327 5.66 3.27
655 456 6.55 4.56
625 351 6.25 3.51
691 521 6.91 5.21
822 376 8.22 3.76
707 394 7.07 3.94
697 412 6.97 4.12
721 551 7.21 5.51
576 394 5.76 3.94
602 417 6.02 4.17
698 444 6.34545 4.03636
746 432 6.78182 3.92727
686 422 6.23636 3.83636
669 398 6.08182 3.61818
654 358 5.94545 3.25455
669 404 6.08182 3.67273
678 427 6.16364 3.88182
704 462 6.4 4.2
718 408 6.52727 3.70909
878 445 7.98182 4.04545
834 478 6.95 3.98333
734 467 6.11667 3.89167
766 529 6.38333 4.40833
777 503 6.475 4.19167
1012 603 8.43333 5.025
773 472 6.44167 3.93333
841 408 7.00833 3.4
766 490 6.38333 4.08333
820 454 6.83333 3.78333
722 448 6.01667 3.73333
867 497 6.66923 3.82308
922 742 7.09231 5.70769
991 531 7.62308 4.08462
1002 657 7.70769 5.05385
850 532 6.53846 4.09231
977 581 7.51538 4.46923
857 461 6.59231 3.54615
973 654 7.48462 5.03077
820 553 6.30769 4.25385
810 487 6.23077 3.74615
977 686 6.97857 4.9
1044 725 7.45714 5.17857
1105 661 7.89286 4.72143
962 594 6.87143 4.24286
1110 734 7.92857 5.24286
891 551 6.36429 3.93571
997 599 7.12143 4.27857
978 675 6.98571 4.82143
1101 733 7.86429 5.23571
1027 687 7.33571 4.90714
1113 599 7.42 3.99333
1063 714 7.08667 4.76
1151 537 7.67333 3.58
1089 809 7.26 5.39333
1148 684 7.65333 4.56
1153 611 7.68667 4.07333
1235 901 8.23333 6.00667
1121 739 7.47333 4.92667
1232 491 8.21333 3.27333
988 633 6.58667 4.22
1094 681 6.8375 4.25625
1068 572 6.675 3.575
1627 1051 10.1687 6.56875
1031 640 6.44375 4
1169 699 7.30625 4.36875
1065 708 6.65625 4.425
1159 663 7.24375 4.14375
1228 743 7.675 4.64375
1184 764 7.4 4.775
1160 691 7.25 4.31875
1383 724 8.13529 4.25882
1379 750 8.11176 4.41176
1246 739 7.32941 4.34706
1259 738 7.40588 4.34118
1253 869 7.37059 5.11176
1164 815 6.84706 4.79412
1141 727 6.71176 4.27647
1224 746 7.2 4.38824
1290 762 7.58824 4.48235
1184 745 6.96471 4.38235
1682 897 9.34444 4.98333
1428 892 7.93333 4.95556
1335 700 7.41667 3.88889
1249 827 6.93889 4.59444
1290 781 7.16667 4.33889
1291 762 7.17222 4.23333
1362 698 7.56667 3.87778
1472 923 8.17778 5.12778
1391 788 7.72778 4.37778
1458 886 8.1 4.92222
1533 970 8.06842 5.10526
1528 910 8.04211 4.78947
1389 867 7.31053 4.56316
1378 906 7.25263 4.76842
1580 910 8.31579 4.78947
1421 897 7.47895 4.72105
1494 867 7.86316 4.56316
1418 1012 7.46316 5.32632
1598 1028 8.41053 5.41053
1447 724 7.61579 3.81053
1482 951 7.41 4.755
1598 856 7.99 4.28
1578 1078 7.89 5.39
1736 816 8.68 4.08
1675 1011 8.375 5.055
1807 968 9.035 4.84
1555 986 7.775 4.93
1544 828 7.72 4.14
1546 785 7.73 3.925
1914 912 9.57 4.56
