12 47 25 92
12 47 25 92
12 47 25 92
12 47 25 92
12 47 25 92
13 50 27 99
13 50 27 99
13 50 27 99
13 50 27 99
13 50 27 99
13 52 28 104
13 52 28 104
13 52 28 104
13 52 28 104
13 52 28 104
14 53 29 106
14 53 29 106
14 53 29 106
14 53 29 106
14 53 29 106
14 54 30 109
14 54 30 109
14 54 30 109
14 54 30 109
14 54 30 109
14 55 30 111
14 55 30 111
14 55 30 111
14 55 30 111
14 55 30 111
14 56 31 111
14 56 31 111
14 56 31 111
14 56 31 111
14 56 31 111
15 56 31 113
15 56 31 113
15 56 31 113
15 56 31 113
15 56 31 113
15 57 31 116
15 57 31 116
15 57 31 116
15 57 31 116
15 57 31 116
15 57 32 116
15 57 32 116
15 57 32 116
15 57 32 116
15 57 32 116
