23 0 2.3 0
24 0 2.4 0
24 0 2.4 0
23 0 2.3 0
23 0 2.3 0
24 0 2.4 0
25 0 2.5 0
23 0 2.3 0
24 0 2.4 0
24 0 2.4 0
67 0 3.35 0
66 0 3.3 0
68 0 3.4 0
65 0 3.25 0
59 0 2.95 0
62 0 3.1 0
65 0 3.25 0
63 0 3.15 0
65 0 3.25 0
65 0 3.25 0
111 0 3.7 0
114 0 3.8 0
111 0 3.7 0
111 0 3.7 0
114 0 3.8 0
116 0 3.86667 0
113 0 3.76667 0
112 0 3.73333 0
109 0 3.63333 0
113 0 3.76667 0
167 0 4.175 0
170 0 4.25 0
163 0 4.075 0
171 0 4.275 0
164 0 4.1 0
166 0 4.15 0
165 0 4.125 0
162 0 4.05 0
168 0 4.2 0
169 0 4.225 0
223 0 4.46 0
226 0 4.52 0
220 0 4.4 0
225 0 4.5 0
218 0 4.36 0
219 0 4.38 0
223 0 4.46 0
230 0 4.6 0
226 0 4.52 0
215 0 4.3 0
272 0 4.53333 0
279 0 4.65 0
288 0 4.8 0
283 0 4.71667 0
287 0 4.78333 0
279 0 4.65 0
287 0 4.78333 0
280 0 4.66667 0
286 0 4.76667 0
278 0 4.63333 0
341 0 4.87143 0
336 0 4.8 0
332 0 4.74286 0
345 0 4.92857 0
340 0 4.85714 0
346 0 4.94286 0
346 0 4.94286 0
352 0 5.02857 0
340 0 4.85714 0
339 0 4.84286 0
417 0 5.2125 0
406 0 5.075 0
401 0 5.0125 0
411 0 5.1375 0
408 0 5.1 0
414 0 5.175 0
412 0 5.15 0
412 0 5.15 0
411 0 5.1375 0
409 0 5.1125 0
478 0 5.31111 0
483 0 5.36667 0
472 0 5.24444 0
473 0 5.25556 0
479 0 5.32222 0
486 0 5.4 0
480 0 5.33333 0
473 0 5.25556 0
467 0 5.18889 0
481 0 5.34444 0
542 0 5.42 0
532 0 5.32 0
550 0 5.5 0
546 0 5.46 0
543 0 5.43 0
546 0 5.46 0
537 0 5.37 0
545 0 5.45 0
542 0 5.42 0
540 0 5.4 0
610 0 5.54545 0
621 0 5.64545 0
613 0 5.57273 0
604 0 5.49091 0
607 0 5.51818 0
620 0 5.63636 0
614 0 5.58182 0
614 0 5.58182 0
621 0 5.64545 0
608 0 5.52727 0
679 0 5.65833 0
688 0 5.73333 0
672 0 5.6 0
685 0 5.70833 0
685 0 5.70833 0
682 0 5.68333 0
687 0 5.725 0
681 0 5.675 0
669 0 5.575 0
675 0 5.625 0
746 0 5.73846 0
759 0 5.83846 0
754 0 5.8 0
746 0 5.73846 0
758 0 5.83077 0
751 0 5.77692 0
744 0 5.72308 0
753 0 5.79231 0
752 0 5.78462 0
741 0 5.7 0
832 0 5.94286 0
826 0 5.9 0
823 0 5.87857 0
822 0 5.87143 0
820 0 5.85714 0
826 0 5.9 0
815 0 5.82143 0
817 0 5.83571 0
831 0 5.93571 0
825 0 5.89286 0
890 0 5.93333 0
917 0 6.11333 0
901 0 6.00667 0
894 0 5.96 0
913 0 6.08667 0
897 0 5.98 0
898 0 5.98667 0
890 0 5.93333 0
895 0 5.96667 0
901 0 6.00667 0
971 0 6.06875 0
972 0 6.075 0
976 0 6.1 0
977 0 6.10625 0
971 0 6.06875 0
970 0 6.0625 0
980 0 6.125 0
970 0 6.0625 0
970 0 6.0625 0
976 0 6.1 0
1059 0 6.22941 0
1051 0 6.18235 0
1055 0 6.20588 0
1060 0 6.23529 0
1055 0 6.20588 0
1055 0 6.20588 0
1048 0 6.16471 0
1054 0 6.2 0
1051 0 6.18235 0
1056 0 6.21176 0
1140 0 6.33333 0
1135 0 6.30556 0
1122 0 6.23333 0
1129 0 6.27222 0
1127 0 6.26111 0
1130 0 6.27778 0
1131 0 6.28333 0
1129 0 6.27222 0
1127 0 6.26111 0
1120 0 6.22222 0
1197 0 6.3 0
1213 0 6.38421 0
1215 0 6.39474 0
1204 0 6.33684 0
1210 0 6.36842 0
1200 0 6.31579 0
1203 0 6.33158 0
1198 0 6.30526 0
1192 0 6.27368 0
1189 0 6.25789 0
1279 0 6.395 0
1279 0 6.395 0
1278 0 6.39 0
1284 0 6.42 0
1282 0 6.41 0
1277 0 6.385 0
1271 0 6.355 0
1282 0 6.41 0
1279 0 6.395 0
1261 0 6.305 0
