22 0 2.2 0
24 0 2.4 0
22 0 2.2 0
22 0 2.2 0
24 0 2.4 0
22 0 2.2 0
23 0 2.3 0
23 0 2.3 0
22 0 2.2 0
23 0 2.3 0
20 0 2 0
23 0 2.3 0
22 0 2.2 0
24 0 2.4 0
23 0 2.3 0
22 0 2.2 0
21 0 2.1 0
23 0 2.3 0
20 0 2 0
24 0 2.4 0
22 0 2.2 0
22 0 2.2 0
22 0 2.2 0
21 0 2.1 0
24 0 2.4 0
23 0 2.3 0
22 0 2.2 0
24 0 2.4 0
21 0 2.1 0
21 0 2.1 0
24 0 2.4 0
23 0 2.3 0
21 0 2.1 0
25 0 2.5 0
21 0 2.1 0
22 0 2.2 0
24 0 2.4 0
20 0 2 0
24 0 2.4 0
22 0 2.2 0
24 0 2.4 0
24 0 2.4 0
24 0 2.4 0
24 0 2.4 0
22 0 2.2 0
23 0 2.3 0
25 0 2.5 0
24 0 2.4 0
24 0 2.4 0
22 0 2.2 0
21 0 2.1 0
20 0 2 0
23 0 2.3 0
24 0 2.4 0
24 0 2.4 0
24 0 2.4 0
24 0 2.4 0
25 0 2.5 0
23 0 2.3 0
22 0 2.2 0
23 0 2.3 0
20 0 2 0
22 0 2.2 0
25 0 2.5 0
22 0 2.2 0
20 0 2 0
20 0 2 0
23 0 2.3 0
24 0 2.4 0
23 0 2.3 0
24 0 2.4 0
23 0 2.3 0
24 0 2.4 0
24 0 2.4 0
23 0 2.3 0
23 0 2.3 0
22 0 2.2 0
23 0 2.3 0
24 0 2.4 0
25 0 2.5 0
22 0 2.2 0
24 0 2.4 0
23 0 2.3 0
23 0 2.3 0
22 0 2.2 0
21 0 2.1 0
21 0 2.1 0
24 0 2.4 0
23 0 2.3 0
23 0 2.3 0
24 0 2.4 0
22 0 2.2 0
23 0 2.3 0
22 0 2.2 0
22 0 2.2 0
23 0 2.3 0
25 0 2.5 0
24 0 2.4 0
21 0 2.1 0
22 0 2.2 0
62 0 3.1 0
65 0 3.25 0
65 0 3.25 0
63 0 3.15 0
64 0 3.2 0
67 0 3.35 0
59 0 2.95 0
54 0 2.7 0
64 0 3.2 0
65 0 3.25 0
65 0 3.25 0
66 0 3.3 0
65 0 3.25 0
66 0 3.3 0
64 0 3.2 0
65 0 3.25 0
66 0 3.3 0
61 0 3.05 0
62 0 3.1 0
60 0 3 0
68 0 3.4 0
57 0 2.85 0
63 0 3.15 0
63 0 3.15 0
67 0 3.35 0
62 0 3.1 0
64 0 3.2 0
59 0 2.95 0
63 0 3.15 0
63 0 3.15 0
65 0 3.25 0
61 0 3.05 0
65 0 3.25 0
64 0 3.2 0
66 0 3.3 0
63 0 3.15 0
66 0 3.3 0
66 0 3.3 0
65 0 3.25 0
66 0 3.3 0
56 0 2.8 0
63 0 3.15 0
64 0 3.2 0
65 0 3.25 0
63 0 3.15 0
64 0 3.2 0
66 0 3.3 0
65 0 3.25 0
63 0 3.15 0
63 0 3.15 0
64 0 3.2 0
65 0 3.25 0
64 0 3.2 0
61 0 3.05 0
65 0 3.25 0
68 0 3.4 0
62 0 3.1 0
61 0 3.05 0
57 0 2.85 0
65 0 3.25 0
65 0 3.25 0
62 0 3.1 0
61 0 3.05 0
64 0 3.2 0
64 0 3.2 0
63 0 3.15 0
66 0 3.3 0
62 0 3.1 0
65 0 3.25 0
66 0 3.3 0
61 0 3.05 0
68 0 3.4 0
65 0 3.25 0
64 0 3.2 0
60 0 3 0
60 0 3 0
65 0 3.25 0
63 0 3.15 0
65 0 3.25 0
64 0 3.2 0
63 0 3.15 0
65 0 3.25 0
65 0 3.25 0
58 0 2.9 0
66 0 3.3 0
62 0 3.1 0
67 0 3.35 0
64 0 3.2 0
57 0 2.85 0
64 0 3.2 0
58 0 2.9 0
66 0 3.3 0
63 0 3.15 0
64 0 3.2 0
65 0 3.25 0
62 0 3.1 0
64 0 3.2 0
66 0 3.3 0
62 0 3.1 0
62 0 3.1 0
113 0 3.76667 0
112 0 3.73333 0
112 0 3.73333 0
111 0 3.7 0
114 0 3.8 0
112 0 3.73333 0
113 0 3.76667 0
109 0 3.63333 0
112 0 3.73333 0
111 0 3.7 0
114 0 3.8 0
110 0 3.66667 0
116 0 3.86667 0
111 0 3.7 0
108 0 3.6 0
111 0 3.7 0
111 0 3.7 0
109 0 3.63333 0
115 0 3.83333 0
108 0 3.6 0
113 0 3.76667 0
111 0 3.7 0
111 0 3.7 0
114 0 3.8 0
106 0 3.53333 0
104 0 3.46667 0
114 0 3.8 0
113 0 3.76667 0
109 0 3.63333 0
113 0 3.76667 0
113 0 3.76667 0
109 0 3.63333 0
107 0 3.56667 0
110 0 3.66667 0
108 0 3.6 0
107 0 3.56667 0
112 0 3.73333 0
116 0 3.86667 0
111 0 3.7 0
111 0 3.7 0
113 0 3.76667 0
112 0 3.73333 0
110 0 3.66667 0
106 0 3.53333 0
109 0 3.63333 0
109 0 3.63333 0
112 0 3.73333 0
113 0 3.76667 0
115 0 3.83333 0
114 0 3.8 0
112 0 3.73333 0
111 0 3.7 0
112 0 3.73333 0
113 0 3.76667 0
109 0 3.63333 0
112 0 3.73333 0
109 0 3.63333 0
114 0 3.8 0
115 0 3.83333 0
112 0 3.73333 0
114 0 3.8 0
107 0 3.56667 0
115 0 3.83333 0
111 0 3.7 0
112 0 3.73333 0
113 0 3.76667 0
115 0 3.83333 0
111 0 3.7 0
112 0 3.73333 0
115 0 3.83333 0
110 0 3.66667 0
109 0 3.63333 0
113 0 3.76667 0
108 0 3.6 0
112 0 3.73333 0
112 0 3.73333 0
114 0 3.8 0
110 0 3.66667 0
105 0 3.5 0
112 0 3.73333 0
112 0 3.73333 0
116 0 3.86667 0
113 0 3.76667 0
108 0 3.6 0
104 0 3.46667 0
114 0 3.8 0
114 0 3.8 0
111 0 3.7 0
114 0 3.8 0
113 0 3.76667 0
111 0 3.7 0
112 0 3.73333 0
110 0 3.66667 0
116 0 3.86667 0
115 0 3.83333 0
112 0 3.73333 0
111 0 3.7 0
108 0 3.6 0
113 0 3.76667 0
112 0 3.73333 0
169 0 4.225 0
168 0 4.2 0
171 0 4.275 0
165 0 4.125 0
165 0 4.125 0
170 0 4.25 0
165 0 4.125 0
161 0 4.025 0
159 0 3.975 0
165 0 4.125 0
168 0 4.2 0
163 0 4.075 0
164 0 4.1 0
167 0 4.175 0
167 0 4.175 0
160 0 4 0
167 0 4.175 0
161 0 4.025 0
164 0 4.1 0
162 0 4.05 0
171 0 4.275 0
164 0 4.1 0
169 0 4.225 0
160 0 4 0
168 0 4.2 0
164 0 4.1 0
166 0 4.15 0
169 0 4.225 0
160 0 4 0
162 0 4.05 0
160 0 4 0
164 0 4.1 0
171 0 4.275 0
165 0 4.125 0
170 0 4.25 0
164 0 4.1 0
166 0 4.15 0
163 0 4.075 0
167 0 4.175 0
160 0 4 0
162 0 4.05 0
159 0 3.975 0
171 0 4.275 0
172 0 4.3 0
160 0 4 0
169 0 4.225 0
168 0 4.2 0
162 0 4.05 0
164 0 4.1 0
164 0 4.1 0
165 0 4.125 0
166 0 4.15 0
165 0 4.125 0
164 0 4.1 0
166 0 4.15 0
167 0 4.175 0
166 0 4.15 0
165 0 4.125 0
168 0 4.2 0
164 0 4.1 0
170 0 4.25 0
160 0 4 0
161 0 4.025 0
168 0 4.2 0
165 0 4.125 0
168 0 4.2 0
172 0 4.3 0
163 0 4.075 0
164 0 4.1 0
169 0 4.225 0
165 0 4.125 0
161 0 4.025 0
164 0 4.1 0
165 0 4.125 0
167 0 4.175 0
164 0 4.1 0
165 0 4.125 0
166 0 4.15 0
171 0 4.275 0
162 0 4.05 0
165 0 4.125 0
162 0 4.05 0
163 0 4.075 0
168 0 4.2 0
167 0 4.175 0
167 0 4.175 0
165 0 4.125 0
167 0 4.175 0
165 0 4.125 0
163 0 4.075 0
168 0 4.2 0
168 0 4.2 0
161 0 4.025 0
168 0 4.2 0
172 0 4.3 0
170 0 4.25 0
169 0 4.225 0
163 0 4.075 0
170 0 4.25 0
168 0 4.2 0
221 0 4.42 0
222 0 4.44 0
217 0 4.34 0
222 0 4.44 0
221 0 4.42 0
222 0 4.44 0
226 0 4.52 0
220 0 4.4 0
223 0 4.46 0
221 0 4.42 0
219 0 4.38 0
220 0 4.4 0
228 0 4.56 0
220 0 4.4 0
220 0 4.4 0
224 0 4.48 0
223 0 4.46 0
220 0 4.4 0
225 0 4.5 0
214 0 4.28 0
217 0 4.34 0
226 0 4.52 0
219 0 4.38 0
223 0 4.46 0
223 0 4.46 0
226 0 4.52 0
225 0 4.5 0
222 0 4.44 0
215 0 4.3 0
220 0 4.4 0
223 0 4.46 0
221 0 4.42 0
222 0 4.44 0
221 0 4.42 0
222 0 4.44 0
229 0 4.58 0
224 0 4.48 0
222 0 4.44 0
220 0 4.4 0
223 0 4.46 0
225 0 4.5 0
228 0 4.56 0
220 0 4.4 0
224 0 4.48 0
223 0 4.46 0
220 0 4.4 0
228 0 4.56 0
220 0 4.4 0
217 0 4.34 0
223 0 4.46 0
222 0 4.44 0
224 0 4.48 0
222 0 4.44 0
220 0 4.4 0
226 0 4.52 0
219 0 4.38 0
220 0 4.4 0
222 0 4.44 0
222 0 4.44 0
221 0 4.42 0
214 0 4.28 0
223 0 4.46 0
224 0 4.48 0
217 0 4.34 0
216 0 4.32 0
224 0 4.48 0
223 0 4.46 0
226 0 4.52 0
224 0 4.48 0
221 0 4.42 0
216 0 4.32 0
222 0 4.44 0
219 0 4.38 0
221 0 4.42 0
225 0 4.5 0
216 0 4.32 0
227 0 4.54 0
223 0 4.46 0
221 0 4.42 0
225 0 4.5 0
222 0 4.44 0
220 0 4.4 0
219 0 4.38 0
225 0 4.5 0
226 0 4.52 0
226 0 4.52 0
229 0 4.58 0
224 0 4.48 0
222 0 4.44 0
222 0 4.44 0
214 0 4.28 0
215 0 4.3 0
221 0 4.42 0
224 0 4.48 0
218 0 4.36 0
230 0 4.6 0
222 0 4.44 0
223 0 4.46 0
222 0 4.44 0
223 0 4.46 0
279 0 4.65 0
279 0 4.65 0
281 0 4.68333 0
286 0 4.76667 0
284 0 4.73333 0
286 0 4.76667 0
286 0 4.76667 0
278 0 4.63333 0
281 0 4.68333 0
277 0 4.61667 0
279 0 4.65 0
284 0 4.73333 0
277 0 4.61667 0
284 0 4.73333 0
284 0 4.73333 0
279 0 4.65 0
282 0 4.7 0
282 0 4.7 0
279 0 4.65 0
280 0 4.66667 0
287 0 4.78333 0
282 0 4.7 0
280 0 4.66667 0
282 0 4.7 0
284 0 4.73333 0
279 0 4.65 0
285 0 4.75 0
285 0 4.75 0
285 0 4.75 0
276 0 4.6 0
291 0 4.85 0
289 0 4.81667 0
274 0 4.56667 0
278 0 4.63333 0
282 0 4.7 0
290 0 4.83333 0
284 0 4.73333 0
282 0 4.7 0
271 0 4.51667 0
288 0 4.8 0
275 0 4.58333 0
280 0 4.66667 0
279 0 4.65 0
284 0 4.73333 0
276 0 4.6 0
283 0 4.71667 0
284 0 4.73333 0
279 0 4.65 0
277 0 4.61667 0
290 0 4.83333 0
277 0 4.61667 0
279 0 4.65 0
279 0 4.65 0
283 0 4.71667 0
282 0 4.7 0
279 0 4.65 0
276 0 4.6 0
280 0 4.66667 0
277 0 4.61667 0
276 0 4.6 0
285 0 4.75 0
281 0 4.68333 0
285 0 4.75 0
283 0 4.71667 0
274 0 4.56667 0
282 0 4.7 0
281 0 4.68333 0
289 0 4.81667 0
264 0 4.4 0
283 0 4.71667 0
284 0 4.73333 0
277 0 4.61667 0
283 0 4.71667 0
282 0 4.7 0
279 0 4.65 0
280 0 4.66667 0
287 0 4.78333 0
284 0 4.73333 0
276 0 4.6 0
278 0 4.63333 0
290 0 4.83333 0
275 0 4.58333 0
280 0 4.66667 0
273 0 4.55 0
282 0 4.7 0
283 0 4.71667 0
286 0 4.76667 0
279 0 4.65 0
283 0 4.71667 0
279 0 4.65 0
276 0 4.6 0
278 0 4.63333 0
278 0 4.63333 0
279 0 4.65 0
283 0 4.71667 0
280 0 4.66667 0
288 0 4.8 0
288 0 4.8 0
289 0 4.81667 0
284 0 4.73333 0
341 0 4.87143 0
346 0 4.94286 0
350 0 5 0
344 0 4.91429 0
340 0 4.85714 0
346 0 4.94286 0
347 0 4.95714 0
351 0 5.01429 0
347 0 4.95714 0
354 0 5.05714 0
341 0 4.87143 0
338 0 4.82857 0
348 0 4.97143 0
348 0 4.97143 0
348 0 4.97143 0
339 0 4.84286 0
345 0 4.92857 0
338 0 4.82857 0
339 0 4.84286 0
343 0 4.9 0
348 0 4.97143 0
334 0 4.77143 0
339 0 4.84286 0
348 0 4.97143 0
335 0 4.78571 0
340 0 4.85714 0
341 0 4.87143 0
338 0 4.82857 0
347 0 4.95714 0
344 0 4.91429 0
343 0 4.9 0
350 0 5 0
343 0 4.9 0
345 0 4.92857 0
343 0 4.9 0
339 0 4.84286 0
344 0 4.91429 0
339 0 4.84286 0
342 0 4.88571 0
342 0 4.88571 0
339 0 4.84286 0
340 0 4.85714 0
346 0 4.94286 0
348 0 4.97143 0
344 0 4.91429 0
352 0 5.02857 0
347 0 4.95714 0
341 0 4.87143 0
340 0 4.85714 0
346 0 4.94286 0
350 0 5 0
346 0 4.94286 0
346 0 4.94286 0
343 0 4.9 0
347 0 4.95714 0
340 0 4.85714 0
345 0 4.92857 0
341 0 4.87143 0
338 0 4.82857 0
343 0 4.9 0
345 0 4.92857 0
341 0 4.87143 0
350 0 5 0
341 0 4.87143 0
349 0 4.98571 0
338 0 4.82857 0
335 0 4.78571 0
344 0 4.91429 0
332 0 4.74286 0
342 0 4.88571 0
345 0 4.92857 0
341 0 4.87143 0
344 0 4.91429 0
343 0 4.9 0
345 0 4.92857 0
350 0 5 0
330 0 4.71429 0
343 0 4.9 0
348 0 4.97143 0
334 0 4.77143 0
337 0 4.81429 0
352 0 5.02857 0
347 0 4.95714 0
344 0 4.91429 0
346 0 4.94286 0
348 0 4.97143 0
350 0 5 0
326 0 4.65714 0
344 0 4.91429 0
346 0 4.94286 0
345 0 4.92857 0
337 0 4.81429 0
342 0 4.88571 0
350 0 5 0
351 0 5.01429 0
345 0 4.92857 0
342 0 4.88571 0
345 0 4.92857 0
342 0 4.88571 0
345 0 4.92857 0
415 0 5.1875 0
415 0 5.1875 0
403 0 5.0375 0
397 0 4.9625 0
409 0 5.1125 0
407 0 5.0875 0
410 0 5.125 0
414 0 5.175 0
413 0 5.1625 0
410 0 5.125 0
406 0 5.075 0
409 0 5.1125 0
410 0 5.125 0
409 0 5.1125 0
401 0 5.0125 0
414 0 5.175 0
416 0 5.2 0
406 0 5.075 0
407 0 5.0875 0
415 0 5.1875 0
398 0 4.975 0
407 0 5.0875 0
412 0 5.15 0
408 0 5.1 0
409 0 5.1125 0
410 0 5.125 0
409 0 5.1125 0
408 0 5.1 0
405 0 5.0625 0
401 0 5.0125 0
413 0 5.1625 0
411 0 5.1375 0
404 0 5.05 0
411 0 5.1375 0
415 0 5.1875 0
413 0 5.1625 0
414 0 5.175 0
401 0 5.0125 0
411 0 5.1375 0
402 0 5.025 0
404 0 5.05 0
410 0 5.125 0
412 0 5.15 0
404 0 5.05 0
413 0 5.1625 0
414 0 5.175 0
407 0 5.0875 0
412 0 5.15 0
415 0 5.1875 0
407 0 5.0875 0
402 0 5.025 0
409 0 5.1125 0
414 0 5.175 0
408 0 5.1 0
411 0 5.1375 0
404 0 5.05 0
412 0 5.15 0
402 0 5.025 0
408 0 5.1 0
404 0 5.05 0
401 0 5.0125 0
412 0 5.15 0
424 0 5.3 0
421 0 5.2625 0
402 0 5.025 0
410 0 5.125 0
405 0 5.0625 0
403 0 5.0375 0
407 0 5.0875 0
411 0 5.1375 0
415 0 5.1875 0
416 0 5.2 0
405 0 5.0625 0
410 0 5.125 0
406 0 5.075 0
421 0 5.2625 0
408 0 5.1 0
407 0 5.0875 0
409 0 5.1125 0
404 0 5.05 0
408 0 5.1 0
406 0 5.075 0
408 0 5.1 0
411 0 5.1375 0
407 0 5.0875 0
405 0 5.0625 0
411 0 5.1375 0
405 0 5.0625 0
403 0 5.0375 0
391 0 4.8875 0
411 0 5.1375 0
410 0 5.125 0
413 0 5.1625 0
410 0 5.125 0
408 0 5.1 0
404 0 5.05 0
403 0 5.0375 0
414 0 5.175 0
417 0 5.2125 0
416 0 5.2 0
480 0 5.33333 0
472 0 5.24444 0
476 0 5.28889 0
475 0 5.27778 0
460 0 5.11111 0
474 0 5.26667 0
476 0 5.28889 0
466 0 5.17778 0
473 0 5.25556 0
472 0 5.24444 0
479 0 5.32222 0
476 0 5.28889 0
475 0 5.27778 0
480 0 5.33333 0
476 0 5.28889 0
471 0 5.23333 0
471 0 5.23333 0
467 0 5.18889 0
478 0 5.31111 0
471 0 5.23333 0
464 0 5.15556 0
473 0 5.25556 0
479 0 5.32222 0
476 0 5.28889 0
475 0 5.27778 0
473 0 5.25556 0
478 0 5.31111 0
479 0 5.32222 0
465 0 5.16667 0
476 0 5.28889 0
477 0 5.3 0
476 0 5.28889 0
467 0 5.18889 0
474 0 5.26667 0
484 0 5.37778 0
471 0 5.23333 0
478 0 5.31111 0
482 0 5.35556 0
473 0 5.25556 0
481 0 5.34444 0
473 0 5.25556 0
482 0 5.35556 0
468 0 5.2 0
479 0 5.32222 0
475 0 5.27778 0
467 0 5.18889 0
469 0 5.21111 0
466 0 5.17778 0
472 0 5.24444 0
481 0 5.34444 0
463 0 5.14444 0
479 0 5.32222 0
477 0 5.3 0
480 0 5.33333 0
475 0 5.27778 0
468 0 5.2 0
481 0 5.34444 0
474 0 5.26667 0
466 0 5.17778 0
476 0 5.28889 0
478 0 5.31111 0
475 0 5.27778 0
469 0 5.21111 0
474 0 5.26667 0
474 0 5.26667 0
481 0 5.34444 0
481 0 5.34444 0
483 0 5.36667 0
469 0 5.21111 0
472 0 5.24444 0
485 0 5.38889 0
471 0 5.23333 0
475 0 5.27778 0
479 0 5.32222 0
471 0 5.23333 0
478 0 5.31111 0
467 0 5.18889 0
476 0 5.28889 0
464 0 5.15556 0
473 0 5.25556 0
479 0 5.32222 0
479 0 5.32222 0
482 0 5.35556 0
469 0 5.21111 0
479 0 5.32222 0
477 0 5.3 0
477 0 5.3 0
483 0 5.36667 0
478 0 5.31111 0
471 0 5.23333 0
480 0 5.33333 0
483 0 5.36667 0
458 0 5.08889 0
477 0 5.3 0
474 0 5.26667 0
470 0 5.22222 0
466 0 5.17778 0
478 0 5.31111 0
473 0 5.25556 0
477 0 5.3 0
544 0 5.44 0
532 0 5.32 0
541 0 5.41 0
540 0 5.4 0
547 0 5.47 0
534 0 5.34 0
542 0 5.42 0
548 0 5.48 0
544 0 5.44 0
551 0 5.51 0
551 0 5.51 0
544 0 5.44 0
537 0 5.37 0
557 0 5.57 0
540 0 5.4 0
530 0 5.3 0
548 0 5.48 0
535 0 5.35 0
548 0 5.48 0
544 0 5.44 0
531 0 5.31 0
536 0 5.36 0
542 0 5.42 0
537 0 5.37 0
544 0 5.44 0
544 0 5.44 0
547 0 5.47 0
535 0 5.35 0
541 0 5.41 0
535 0 5.35 0
541 0 5.41 0
545 0 5.45 0
544 0 5.44 0
551 0 5.51 0
538 0 5.38 0
535 0 5.35 0
540 0 5.4 0
548 0 5.48 0
542 0 5.42 0
548 0 5.48 0
548 0 5.48 0
540 0 5.4 0
549 0 5.49 0
541 0 5.41 0
547 0 5.47 0
543 0 5.43 0
539 0 5.39 0
543 0 5.43 0
542 0 5.42 0
533 0 5.33 0
544 0 5.44 0
545 0 5.45 0
537 0 5.37 0
548 0 5.48 0
543 0 5.43 0
542 0 5.42 0
542 0 5.42 0
552 0 5.52 0
546 0 5.46 0
541 0 5.41 0
533 0 5.33 0
543 0 5.43 0
538 0 5.38 0
550 0 5.5 0
538 0 5.38 0
533 0 5.33 0
543 0 5.43 0
540 0 5.4 0
545 0 5.45 0
545 0 5.45 0
544 0 5.44 0
546 0 5.46 0
544 0 5.44 0
547 0 5.47 0
544 0 5.44 0
532 0 5.32 0
544 0 5.44 0
544 0 5.44 0
543 0 5.43 0
543 0 5.43 0
547 0 5.47 0
542 0 5.42 0
528 0 5.28 0
542 0 5.42 0
541 0 5.41 0
547 0 5.47 0
542 0 5.42 0
547 0 5.47 0
539 0 5.39 0
549 0 5.49 0
542 0 5.42 0
546 0 5.46 0
549 0 5.49 0
549 0 5.49 0
545 0 5.45 0
554 0 5.54 0
536 0 5.36 0
538 0 5.38 0
548 0 5.48 0
541 0 5.41 0
602 0 5.47273 0
618 0 5.61818 0
608 0 5.52727 0
610 0 5.54545 0
615 0 5.59091 0
611 0 5.55455 0
613 0 5.57273 0
618 0 5.61818 0
609 0 5.53636 0
599 0 5.44545 0
614 0 5.58182 0
619 0 5.62727 0
606 0 5.50909 0
610 0 5.54545 0
616 0 5.6 0
611 0 5.55455 0
592 0 5.38182 0
605 0 5.5 0
616 0 5.6 0
609 0 5.53636 0
602 0 5.47273 0
611 0 5.55455 0
615 0 5.59091 0
613 0 5.57273 0
617 0 5.60909 0
614 0 5.58182 0
612 0 5.56364 0
603 0 5.48182 0
611 0 5.55455 0
611 0 5.55455 0
611 0 5.55455 0
600 0 5.45455 0
606 0 5.50909 0
616 0 5.6 0
618 0 5.61818 0
607 0 5.51818 0
601 0 5.46364 0
613 0 5.57273 0
618 0 5.61818 0
600 0 5.45455 0
604 0 5.49091 0
605 0 5.5 0
621 0 5.64545 0
612 0 5.56364 0
622 0 5.65455 0
619 0 5.62727 0
611 0 5.55455 0
616 0 5.6 0
612 0 5.56364 0
599 0 5.44545 0
607 0 5.51818 0
606 0 5.50909 0
610 0 5.54545 0
603 0 5.48182 0
614 0 5.58182 0
608 0 5.52727 0
608 0 5.52727 0
600 0 5.45455 0
615 0 5.59091 0
609 0 5.53636 0
605 0 5.5 0
602 0 5.47273 0
612 0 5.56364 0
605 0 5.5 0
615 0 5.59091 0
610 0 5.54545 0
614 0 5.58182 0
611 0 5.55455 0
616 0 5.6 0
619 0 5.62727 0
606 0 5.50909 0
618 0 5.61818 0
603 0 5.48182 0
611 0 5.55455 0
622 0 5.65455 0
622 0 5.65455 0
622 0 5.65455 0
611 0 5.55455 0
607 0 5.51818 0
603 0 5.48182 0
613 0 5.57273 0
616 0 5.6 0
595 0 5.40909 0
609 0 5.53636 0
613 0 5.57273 0
612 0 5.56364 0
623 0 5.66364 0
617 0 5.60909 0
612 0 5.56364 0
612 0 5.56364 0
612 0 5.56364 0
607 0 5.51818 0
597 0 5.42727 0
612 0 5.56364 0
613 0 5.57273 0
607 0 5.51818 0
609 0 5.53636 0
607 0 5.51818 0
613 0 5.57273 0
612 0 5.56364 0
682 0 5.68333 0
679 0 5.65833 0
676 0 5.63333 0
683 0 5.69167 0
677 0 5.64167 0
684 0 5.7 0
684 0 5.7 0
670 0 5.58333 0
674 0 5.61667 0
683 0 5.69167 0
670 0 5.58333 0
670 0 5.58333 0
679 0 5.65833 0
683 0 5.69167 0
677 0 5.64167 0
683 0 5.69167 0
685 0 5.70833 0
682 0 5.68333 0
686 0 5.71667 0
691 0 5.75833 0
682 0 5.68333 0
687 0 5.725 0
683 0 5.69167 0
680 0 5.66667 0
683 0 5.69167 0
680 0 5.66667 0
686 0 5.71667 0
672 0 5.6 0
681 0 5.675 0
684 0 5.7 0
682 0 5.68333 0
687 0 5.725 0
683 0 5.69167 0
675 0 5.625 0
690 0 5.75 0
681 0 5.675 0
672 0 5.6 0
686 0 5.71667 0
675 0 5.625 0
686 0 5.71667 0
689 0 5.74167 0
684 0 5.7 0
689 0 5.74167 0
680 0 5.66667 0
679 0 5.65833 0
688 0 5.73333 0
687 0 5.725 0
676 0 5.63333 0
691 0 5.75833 0
684 0 5.7 0
684 0 5.7 0
682 0 5.68333 0
687 0 5.725 0
681 0 5.675 0
676 0 5.63333 0
682 0 5.68333 0
678 0 5.65 0
675 0 5.625 0
676 0 5.63333 0
675 0 5.625 0
678 0 5.65 0
683 0 5.69167 0
672 0 5.6 0
682 0 5.68333 0
685 0 5.70833 0
676 0 5.63333 0
666 0 5.55 0
682 0 5.68333 0
675 0 5.625 0
679 0 5.65833 0
677 0 5.64167 0
681 0 5.675 0
689 0 5.74167 0
691 0 5.75833 0
681 0 5.675 0
691 0 5.75833 0
674 0 5.61667 0
678 0 5.65 0
686 0 5.71667 0
684 0 5.7 0
683 0 5.69167 0
681 0 5.675 0
682 0 5.68333 0
667 0 5.55833 0
679 0 5.65833 0
680 0 5.66667 0
686 0 5.71667 0
675 0 5.625 0
677 0 5.64167 0
682 0 5.68333 0
682 0 5.68333 0
673 0 5.60833 0
668 0 5.56667 0
685 0 5.70833 0
676 0 5.63333 0
683 0 5.69167 0
681 0 5.675 0
675 0 5.625 0
678 0 5.65 0
669 0 5.575 0
746 0 5.73846 0
751 0 5.77692 0
747 0 5.74615 0
740 0 5.69231 0
750 0 5.76923 0
751 0 5.77692 0
760 0 5.84615 0
753 0 5.79231 0
746 0 5.73846 0
748 0 5.75385 0
749 0 5.76154 0
755 0 5.80769 0
756 0 5.81538 0
758 0 5.83077 0
754 0 5.8 0
755 0 5.80769 0
758 0 5.83077 0
754 0 5.8 0
744 0 5.72308 0
764 0 5.87692 0
740 0 5.69231 0
763 0 5.86923 0
755 0 5.80769 0
750 0 5.76923 0
736 0 5.66154 0
742 0 5.70769 0
754 0 5.8 0
752 0 5.78462 0
760 0 5.84615 0
749 0 5.76154 0
748 0 5.75385 0
749 0 5.76154 0
752 0 5.78462 0
767 0 5.9 0
756 0 5.81538 0
740 0 5.69231 0
757 0 5.82308 0
751 0 5.77692 0
763 0 5.86923 0
748 0 5.75385 0
752 0 5.78462 0
754 0 5.8 0
750 0 5.76923 0
745 0 5.73077 0
762 0 5.86154 0
757 0 5.82308 0
752 0 5.78462 0
757 0 5.82308 0
754 0 5.8 0
745 0 5.73077 0
758 0 5.83077 0
755 0 5.80769 0
748 0 5.75385 0
751 0 5.77692 0
747 0 5.74615 0
752 0 5.78462 0
755 0 5.80769 0
737 0 5.66923 0
757 0 5.82308 0
755 0 5.80769 0
743 0 5.71538 0
750 0 5.76923 0
755 0 5.80769 0
756 0 5.81538 0
752 0 5.78462 0
752 0 5.78462 0
753 0 5.79231 0
736 0 5.66154 0
757 0 5.82308 0
743 0 5.71538 0
756 0 5.81538 0
743 0 5.71538 0
753 0 5.79231 0
755 0 5.80769 0
759 0 5.83846 0
760 0 5.84615 0
747 0 5.74615 0
757 0 5.82308 0
759 0 5.83846 0
753 0 5.79231 0
755 0 5.80769 0
753 0 5.79231 0
742 0 5.70769 0
749 0 5.76154 0
749 0 5.76154 0
751 0 5.77692 0
744 0 5.72308 0
758 0 5.83077 0
745 0 5.73077 0
747 0 5.74615 0
750 0 5.76923 0
750 0 5.76923 0
756 0 5.81538 0
759 0 5.83846 0
758 0 5.83077 0
758 0 5.83077 0
753 0 5.79231 0
762 0 5.86154 0
744 0 5.72308 0
751 0 5.77692 0
825 0 5.89286 0
835 0 5.96429 0
819 0 5.85 0
824 0 5.88571 0
818 0 5.84286 0
814 0 5.81429 0
828 0 5.91429 0
824 0 5.88571 0
826 0 5.9 0
823 0 5.87857 0
832 0 5.94286 0
826 0 5.9 0
819 0 5.85 0
824 0 5.88571 0
828 0 5.91429 0
819 0 5.85 0
835 0 5.96429 0
820 0 5.85714 0
830 0 5.92857 0
826 0 5.9 0
813 0 5.80714 0
821 0 5.86429 0
817 0 5.83571 0
827 0 5.90714 0
828 0 5.91429 0
832 0 5.94286 0
826 0 5.9 0
818 0 5.84286 0
829 0 5.92143 0
828 0 5.91429 0
814 0 5.81429 0
825 0 5.89286 0
819 0 5.85 0
830 0 5.92857 0
823 0 5.87857 0
825 0 5.89286 0
821 0 5.86429 0
821 0 5.86429 0
827 0 5.90714 0
829 0 5.92143 0
828 0 5.91429 0
829 0 5.92143 0
821 0 5.86429 0
832 0 5.94286 0
812 0 5.8 0
823 0 5.87857 0
831 0 5.93571 0
822 0 5.87143 0
818 0 5.84286 0
818 0 5.84286 0
820 0 5.85714 0
812 0 5.8 0
824 0 5.88571 0
816 0 5.82857 0
824 0 5.88571 0
830 0 5.92857 0
826 0 5.9 0
835 0 5.96429 0
821 0 5.86429 0
817 0 5.83571 0
842 0 6.01429 0
815 0 5.82143 0
826 0 5.9 0
829 0 5.92143 0
818 0 5.84286 0
827 0 5.90714 0
819 0 5.85 0
818 0 5.84286 0
816 0 5.82857 0
820 0 5.85714 0
816 0 5.82857 0
814 0 5.81429 0
824 0 5.88571 0
811 0 5.79286 0
821 0 5.86429 0
823 0 5.87857 0
819 0 5.85 0
831 0 5.93571 0
825 0 5.89286 0
816 0 5.82857 0
825 0 5.89286 0
832 0 5.94286 0
827 0 5.90714 0
826 0 5.9 0
819 0 5.85 0
834 0 5.95714 0
822 0 5.87143 0
832 0 5.94286 0
820 0 5.85714 0
817 0 5.83571 0
828 0 5.91429 0
813 0 5.80714 0
820 0 5.85714 0
817 0 5.83571 0
825 0 5.89286 0
835 0 5.96429 0
820 0 5.85714 0
820 0 5.85714 0
832 0 5.94286 0
827 0 5.90714 0
900 0 6 0
889 0 5.92667 0
901 0 6.00667 0
906 0 6.04 0
907 0 6.04667 0
896 0 5.97333 0
903 0 6.02 0
892 0 5.94667 0
901 0 6.00667 0
901 0 6.00667 0
890 0 5.93333 0
899 0 5.99333 0
910 0 6.06667 0
900 0 6 0
910 0 6.06667 0
907 0 6.04667 0
882 0 5.88 0
906 0 6.04 0
898 0 5.98667 0
889 0 5.92667 0
904 0 6.02667 0
892 0 5.94667 0
908 0 6.05333 0
899 0 5.99333 0
903 0 6.02 0
916 0 6.10667 0
911 0 6.07333 0
907 0 6.04667 0
891 0 5.94 0
900 0 6 0
903 0 6.02 0
892 0 5.94667 0
900 0 6 0
903 0 6.02 0
905 0 6.03333 0
894 0 5.96 0
892 0 5.94667 0
896 0 5.97333 0
896 0 5.97333 0
912 0 6.08 0
911 0 6.07333 0
905 0 6.03333 0
888 0 5.92 0
906 0 6.04 0
903 0 6.02 0
901 0 6.00667 0
899 0 5.99333 0
904 0 6.02667 0
900 0 6 0
898 0 5.98667 0
900 0 6 0
911 0 6.07333 0
895 0 5.96667 0
913 0 6.08667 0
902 0 6.01333 0
904 0 6.02667 0
897 0 5.98 0
903 0 6.02 0
890 0 5.93333 0
911 0 6.07333 0
894 0 5.96 0
893 0 5.95333 0
908 0 6.05333 0
911 0 6.07333 0
893 0 5.95333 0
902 0 6.01333 0
924 0 6.16 0
907 0 6.04667 0
905 0 6.03333 0
902 0 6.01333 0
910 0 6.06667 0
902 0 6.01333 0
895 0 5.96667 0
897 0 5.98 0
890 0 5.93333 0
910 0 6.06667 0
882 0 5.88 0
890 0 5.93333 0
890 0 5.93333 0
903 0 6.02 0
893 0 5.95333 0
905 0 6.03333 0
896 0 5.97333 0
894 0 5.96 0
898 0 5.98667 0
900 0 6 0
903 0 6.02 0
895 0 5.96667 0
902 0 6.01333 0
893 0 5.95333 0
893 0 5.95333 0
899 0 5.99333 0
909 0 6.06 0
894 0 5.96 0
906 0 6.04 0
894 0 5.96 0
901 0 6.00667 0
902 0 6.01333 0
909 0 6.06 0
902 0 6.01333 0
965 0 6.03125 0
973 0 6.08125 0
975 0 6.09375 0
990 0 6.1875 0
980 0 6.125 0
982 0 6.1375 0
987 0 6.16875 0
973 0 6.08125 0
973 0 6.08125 0
972 0 6.075 0
980 0 6.125 0
977 0 6.10625 0
984 0 6.15 0
983 0 6.14375 0
976 0 6.1 0
963 0 6.01875 0
973 0 6.08125 0
981 0 6.13125 0
970 0 6.0625 0
967 0 6.04375 0
968 0 6.05 0
978 0 6.1125 0
966 0 6.0375 0
975 0 6.09375 0
976 0 6.1 0
970 0 6.0625 0
970 0 6.0625 0
986 0 6.1625 0
984 0 6.15 0
975 0 6.09375 0
977 0 6.10625 0
973 0 6.08125 0
977 0 6.10625 0
979 0 6.11875 0
969 0 6.05625 0
967 0 6.04375 0
980 0 6.125 0
970 0 6.0625 0
978 0 6.1125 0
980 0 6.125 0
978 0 6.1125 0
959 0 5.99375 0
976 0 6.1 0
978 0 6.1125 0
976 0 6.1 0
967 0 6.04375 0
976 0 6.1 0
989 0 6.18125 0
964 0 6.025 0
975 0 6.09375 0
964 0 6.025 0
965 0 6.03125 0
983 0 6.14375 0
980 0 6.125 0
982 0 6.1375 0
974 0 6.0875 0
970 0 6.0625 0
969 0 6.05625 0
976 0 6.1 0
978 0 6.1125 0
974 0 6.0875 0
979 0 6.11875 0
966 0 6.0375 0
982 0 6.1375 0
985 0 6.15625 0
973 0 6.08125 0
972 0 6.075 0
974 0 6.0875 0
974 0 6.0875 0
983 0 6.14375 0
980 0 6.125 0
979 0 6.11875 0
978 0 6.1125 0
974 0 6.0875 0
964 0 6.025 0
970 0 6.0625 0
979 0 6.11875 0
971 0 6.06875 0
973 0 6.08125 0
980 0 6.125 0
968 0 6.05 0
971 0 6.06875 0
966 0 6.0375 0
980 0 6.125 0
977 0 6.10625 0
969 0 6.05625 0
971 0 6.06875 0
976 0 6.1 0
959 0 5.99375 0
978 0 6.1125 0
979 0 6.11875 0
985 0 6.15625 0
975 0 6.09375 0
978 0 6.1125 0
971 0 6.06875 0
978 0 6.1125 0
979 0 6.11875 0
965 0 6.03125 0
979 0 6.11875 0
967 0 6.04375 0
1065 0 6.26471 0
1047 0 6.15882 0
1053 0 6.19412 0
1050 0 6.17647 0
1056 0 6.21176 0
1045 0 6.14706 0
1059 0 6.22941 0
1038 0 6.10588 0
1050 0 6.17647 0
1059 0 6.22941 0
1053 0 6.19412 0
1041 0 6.12353 0
1060 0 6.23529 0
1049 0 6.17059 0
1058 0 6.22353 0
1049 0 6.17059 0
1058 0 6.22353 0
1041 0 6.12353 0
1046 0 6.15294 0
1046 0 6.15294 0
1055 0 6.20588 0
1057 0 6.21765 0
1050 0 6.17647 0
1053 0 6.19412 0
1061 0 6.24118 0
1041 0 6.12353 0
1045 0 6.14706 0
1055 0 6.20588 0
1052 0 6.18824 0
1046 0 6.15294 0
1046 0 6.15294 0
1059 0 6.22941 0
1050 0 6.17647 0
1059 0 6.22941 0
1048 0 6.16471 0
1043 0 6.13529 0
1052 0 6.18824 0
1049 0 6.17059 0
1053 0 6.19412 0
1055 0 6.20588 0
1057 0 6.21765 0
1040 0 6.11765 0
1061 0 6.24118 0
1035 0 6.08824 0
1054 0 6.2 0
1043 0 6.13529 0
1060 0 6.23529 0
1044 0 6.14118 0
1060 0 6.23529 0
1042 0 6.12941 0
1055 0 6.20588 0
1058 0 6.22353 0
1048 0 6.16471 0
1034 0 6.08235 0
1051 0 6.18235 0
1056 0 6.21176 0
1040 0 6.11765 0
1042 0 6.12941 0
1043 0 6.13529 0
1032 0 6.07059 0
1048 0 6.16471 0
1057 0 6.21765 0
1056 0 6.21176 0
1064 0 6.25882 0
1052 0 6.18824 0
1046 0 6.15294 0
1058 0 6.22353 0
1062 0 6.24706 0
1055 0 6.20588 0
1049 0 6.17059 0
1038 0 6.10588 0
1054 0 6.2 0
1043 0 6.13529 0
1054 0 6.2 0
1060 0 6.23529 0
1059 0 6.22941 0
1031 0 6.06471 0
1038 0 6.10588 0
1064 0 6.25882 0
1047 0 6.15882 0
1034 0 6.08235 0
1066 0 6.27059 0
1045 0 6.14706 0
1053 0 6.19412 0
1043 0 6.13529 0
1063 0 6.25294 0
1051 0 6.18235 0
1037 0 6.1 0
1060 0 6.23529 0
1039 0 6.11176 0
1053 0 6.19412 0
1059 0 6.22941 0
1052 0 6.18824 0
1056 0 6.21176 0
1051 0 6.18235 0
1053 0 6.19412 0
1051 0 6.18235 0
1052 0 6.18824 0
1057 0 6.21765 0
1057 0 6.21765 0
1125 0 6.25 0
1136 0 6.31111 0
1127 0 6.26111 0
1128 0 6.26667 0
1125 0 6.25 0
1117 0 6.20556 0
1136 0 6.31111 0
1121 0 6.22778 0
1122 0 6.23333 0
1124 0 6.24444 0
1130 0 6.27778 0
1122 0 6.23333 0
1129 0 6.27222 0
1123 0 6.23889 0
1124 0 6.24444 0
1118 0 6.21111 0
1127 0 6.26111 0
1122 0 6.23333 0
1108 0 6.15556 0
1120 0 6.22222 0
1133 0 6.29444 0
1118 0 6.21111 0
1133 0 6.29444 0
1118 0 6.21111 0
1122 0 6.23333 0
1128 0 6.26667 0
1129 0 6.27222 0
1132 0 6.28889 0
1133 0 6.29444 0
1122 0 6.23333 0
1126 0 6.25556 0
1127 0 6.26111 0
1123 0 6.23889 0
1137 0 6.31667 0
1118 0 6.21111 0
1134 0 6.3 0
1133 0 6.29444 0
1124 0 6.24444 0
1135 0 6.30556 0
1132 0 6.28889 0
1126 0 6.25556 0
1122 0 6.23333 0
1130 0 6.27778 0
1139 0 6.32778 0
1124 0 6.24444 0
1118 0 6.21111 0
1137 0 6.31667 0
1124 0 6.24444 0
1119 0 6.21667 0
1125 0 6.25 0
1135 0 6.30556 0
1136 0 6.31111 0
1111 0 6.17222 0
1117 0 6.20556 0
1124 0 6.24444 0
1130 0 6.27778 0
1138 0 6.32222 0
1120 0 6.22222 0
1128 0 6.26667 0
1115 0 6.19444 0
1119 0 6.21667 0
1126 0 6.25556 0
1130 0 6.27778 0
1114 0 6.18889 0
1125 0 6.25 0
1122 0 6.23333 0
1118 0 6.21111 0
1132 0 6.28889 0
1134 0 6.3 0
1123 0 6.23889 0
1116 0 6.2 0
1126 0 6.25556 0
1126 0 6.25556 0
1131 0 6.28333 0
1130 0 6.27778 0
1123 0 6.23889 0
1108 0 6.15556 0
1132 0 6.28889 0
1113 0 6.18333 0
1115 0 6.19444 0
1126 0 6.25556 0
1133 0 6.29444 0
1123 0 6.23889 0
1141 0 6.33889 0
1129 0 6.27222 0
1134 0 6.3 0
1124 0 6.24444 0
1131 0 6.28333 0
1125 0 6.25 0
1130 0 6.27778 0
1131 0 6.28333 0
1135 0 6.30556 0
1118 0 6.21111 0
1113 0 6.18333 0
1120 0 6.22222 0
1111 0 6.17222 0
1146 0 6.36667 0
1135 0 6.30556 0
1119 0 6.21667 0
1125 0 6.25 0
1201 0 6.32105 0
1197 0 6.3 0
1208 0 6.35789 0
1205 0 6.34211 0
1215 0 6.39474 0
1203 0 6.33158 0
1210 0 6.36842 0
1211 0 6.37368 0
1212 0 6.37895 0
1205 0 6.34211 0
1214 0 6.38947 0
1203 0 6.33158 0
1198 0 6.30526 0
1208 0 6.35789 0
1202 0 6.32632 0
1200 0 6.31579 0
1204 0 6.33684 0
1194 0 6.28421 0
1206 0 6.34737 0
1194 0 6.28421 0
1196 0 6.29474 0
1200 0 6.31579 0
1216 0 6.4 0
1209 0 6.36316 0
1209 0 6.36316 0
1211 0 6.37368 0
1206 0 6.34737 0
1208 0 6.35789 0
1207 0 6.35263 0
1226 0 6.45263 0
1198 0 6.30526 0
1215 0 6.39474 0
1203 0 6.33158 0
1197 0 6.3 0
1211 0 6.37368 0
1200 0 6.31579 0
1208 0 6.35789 0
1206 0 6.34737 0
1209 0 6.36316 0
1218 0 6.41053 0
1202 0 6.32632 0
1201 0 6.32105 0
1208 0 6.35789 0
1204 0 6.33684 0
1211 0 6.37368 0
1203 0 6.33158 0
1197 0 6.3 0
1209 0 6.36316 0
1196 0 6.29474 0
1207 0 6.35263 0
1191 0 6.26842 0
1210 0 6.36842 0
1192 0 6.27368 0
1193 0 6.27895 0
1212 0 6.37895 0
1197 0 6.3 0
1201 0 6.32105 0
1204 0 6.33684 0
1209 0 6.36316 0
1202 0 6.32632 0
1185 0 6.23684 0
1190 0 6.26316 0
1206 0 6.34737 0
1203 0 6.33158 0
1196 0 6.29474 0
1198 0 6.30526 0
1199 0 6.31053 0
1190 0 6.26316 0
1203 0 6.33158 0
1196 0 6.29474 0
1188 0 6.25263 0
1215 0 6.39474 0
1202 0 6.32632 0
1203 0 6.33158 0
1205 0 6.34211 0
1188 0 6.25263 0
1206 0 6.34737 0
1205 0 6.34211 0
1208 0 6.35789 0
1213 0 6.38421 0
1188 0 6.25263 0
1203 0 6.33158 0
1202 0 6.32632 0
1189 0 6.25789 0
1209 0 6.36316 0
1191 0 6.26842 0
1209 0 6.36316 0
1195 0 6.28947 0
1193 0 6.27895 0
1200 0 6.31579 0
1218 0 6.41053 0
1197 0 6.3 0
1207 0 6.35263 0
1192 0 6.27368 0
1213 0 6.38421 0
1183 0 6.22632 0
1213 0 6.38421 0
1196 0 6.29474 0
1200 0 6.31579 0
1211 0 6.37368 0
1282 0 6.41 0
1279 0 6.395 0
1273 0 6.365 0
1268 0 6.34 0
1292 0 6.46 0
1287 0 6.435 0
1275 0 6.375 0
1286 0 6.43 0
1285 0 6.425 0
1286 0 6.43 0
1294 0 6.47 0
1280 0 6.4 0
1292 0 6.46 0
1285 0 6.425 0
1280 0 6.4 0
1271 0 6.355 0
1272 0 6.36 0
1283 0 6.415 0
1276 0 6.38 0
1268 0 6.34 0
1276 0 6.38 0
1267 0 6.335 0
1271 0 6.355 0
1296 0 6.48 0
1268 0 6.34 0
1278 0 6.39 0
1283 0 6.415 0
1291 0 6.455 0
1264 0 6.32 0
1289 0 6.445 0
1282 0 6.41 0
1288 0 6.44 0
1293 0 6.465 0
1274 0 6.37 0
1281 0 6.405 0
1296 0 6.48 0
1279 0 6.395 0
1272 0 6.36 0
1272 0 6.36 0
1285 0 6.425 0
1274 0 6.37 0
1290 0 6.45 0
1292 0 6.46 0
1281 0 6.405 0
1283 0 6.415 0
1282 0 6.41 0
1277 0 6.385 0
1284 0 6.42 0
1284 0 6.42 0
1294 0 6.47 0
1281 0 6.405 0
1271 0 6.355 0
1286 0 6.43 0
1274 0 6.37 0
1267 0 6.335 0
1287 0 6.435 0
1284 0 6.42 0
1278 0 6.39 0
1293 0 6.465 0
1284 0 6.42 0
1297 0 6.485 0
1292 0 6.46 0
1287 0 6.435 0
1273 0 6.365 0
1284 0 6.42 0
1284 0 6.42 0
1284 0 6.42 0
1285 0 6.425 0
1288 0 6.44 0
1298 0 6.49 0
1286 0 6.43 0
1279 0 6.395 0
1294 0 6.47 0
1273 0 6.365 0
1273 0 6.365 0
1278 0 6.39 0
1281 0 6.405 0
1284 0 6.42 0
1279 0 6.395 0
1280 0 6.4 0
1272 0 6.36 0
1297 0 6.485 0
1289 0 6.445 0
1269 0 6.345 0
1280 0 6.4 0
1274 0 6.37 0
1279 0 6.395 0
1275 0 6.375 0
1276 0 6.38 0
1274 0 6.37 0
1269 0 6.345 0
1283 0 6.415 0
1276 0 6.38 0
1275 0 6.375 0
1291 0 6.455 0
1289 0 6.445 0
1291 0 6.455 0
1272 0 6.36 0
1282 0 6.41 0
1275 0 6.375 0
