8734 0 8.734 0
8693 0 8.693 0
8702 0 8.702 0
8687 0 8.687 0
8707 0 8.707 0
8685 0 8.685 0
8671 0 8.671 0
8723 0 8.723 0
8694 0 8.694 0
8732 0 8.732 0
19337 0 9.6685 0
19391 0 9.6955 0
19415 0 9.7075 0
19429 0 9.7145 0
19377 0 9.6885 0
19375 0 9.6875 0
19400 0 9.7 0
19419 0 9.7095 0
19456 0 9.728 0
19413 0 9.7065 0
30952 0 10.3173 0
30910 0 10.3033 0
30854 0 10.2847 0
30962 0 10.3207 0
30882 0 10.294 0
30885 0 10.295 0
30951 0 10.317 0
30979 0 10.3263 0
30889 0 10.2963 0
30900 0 10.3 0
42772 0 10.693 0
42807 0 10.7018 0
42854 0 10.7135 0
42861 0 10.7152 0
42880 0 10.72 0
42833 0 10.7082 0
42850 0 10.7125 0
42817 0 10.7043 0
42827 0 10.7067 0
42796 0 10.699 0
55167 0 11.0334 0
55224 0 11.0448 0
55185 0 11.037 0
55238 0 11.0476 0
55243 0 11.0486 0
55248 0 11.0496 0
55212 0 11.0424 0
55198 0 11.0396 0
55285 0 11.057 0
55202 0 11.0404 0
67843 0 11.3072 0
67896 0 11.316 0
67882 0 11.3137 0
67893 0 11.3155 0
67786 0 11.2977 0
67921 0 11.3202 0
67855 0 11.3092 0
67878 0 11.313 0
67813 0 11.3022 0
67803 0 11.3005 0
80717 0 11.531 0
80691 0 11.5273 0
80681 0 11.5259 0
80688 0 11.5269 0
80769 0 11.5384 0
80692 0 11.5274 0
80661 0 11.523 0
80667 0 11.5239 0
80754 0 11.5363 0
80688 0 11.5269 0
93592 0 11.699 0
93700 0 11.7125 0
93584 0 11.698 0
93593 0 11.6991 0
93615 0 11.7019 0
93554 0 11.6943 0
93670 0 11.7088 0
93580 0 11.6975 0
93584 0 11.698 0
93728 0 11.716 0
106940 0 11.8822 0
106958 0 11.8842 0
106954 0 11.8838 0
107027 0 11.8919 0
107009 0 11.8899 0
106968 0 11.8853 0
107035 0 11.8928 0
106896 0 11.8773 0
106952 0 11.8836 0
106900 0 11.8778 0
120424 0 12.0424 0
120317 0 12.0317 0
120480 0 12.048 0
120470 0 12.047 0
120491 0 12.0491 0
120406 0 12.0406 0
120372 0 12.0372 0
120433 0 12.0433 0
120542 0 12.0542 0
120461 0 12.0461 0
134203 0 12.2003 0
134031 0 12.1846 0
134107 0 12.1915 0
134082 0 12.1893 0
134016 0 12.1833 0
134008 0 12.1825 0
134027 0 12.1843 0
134170 0 12.1973 0
133984 0 12.1804 0
134049 0 12.1863 0
147600 0 12.3 0
147636 0 12.303 0
147601 0 12.3001 0
147645 0 12.3038 0
147734 0 12.3112 0
147688 0 12.3073 0
147680 0 12.3067 0
147689 0 12.3074 0
147624 0 12.302 0
147763 0 12.3136 0
161507 0 12.4236 0
161566 0 12.4282 0
161550 0 12.4269 0
161518 0 12.4245 0
161453 0 12.4195 0
161429 0 12.4176 0
161458 0 12.4198 0
161450 0 12.4192 0
161396 0 12.4151 0
161586 0 12.4297 0
175286 0 12.5204 0
175280 0 12.52 0
175187 0 12.5134 0
175487 0 12.5348 0
175290 0 12.5207 0
175293 0 12.5209 0
175507 0 12.5362 0
175380 0 12.5271 0
175396 0 12.5283 0
175356 0 12.5254 0
189332 0 12.6221 0
189263 0 12.6175 0
189283 0 12.6189 0
189315 0 12.621 0
189363 0 12.6242 0
189303 0 12.6202 0
189258 0 12.6172 0
189338 0 12.6225 0
189357 0 12.6238 0
189273 0 12.6182 0
203371 0 12.7107 0
203319 0 12.7074 0
203235 0 12.7022 0
203329 0 12.7081 0
203240 0 12.7025 0
203316 0 12.7073 0
203205 0 12.7003 0
203372 0 12.7108 0
203223 0 12.7014 0
203266 0 12.7041 0
217530 0 12.7959 0
217574 0 12.7985 0
217600 0 12.8 0
217512 0 12.7948 0
217514 0 12.7949 0
217483 0 12.7931 0
217521 0 12.7954 0
217626 0 12.8015 0
217529 0 12.7958 0
217515 0 12.795 0
231929 0 12.8849 0
231882 0 12.8823 0
231875 0 12.8819 0
231930 0 12.885 0
231817 0 12.8787 0
232061 0 12.8923 0
231903 0 12.8835 0
231973 0 12.8874 0
231887 0 12.8826 0
231954 0 12.8863 0
246420 0 12.9695 0
246475 0 12.9724 0
246382 0 12.9675 0
246507 0 12.9741 0
246423 0 12.9696 0
246459 0 12.9715 0
246340 0 12.9653 0
246500 0 12.9737 0
246394 0 12.9681 0
246531 0 12.9753 0
260721 0 13.036 0
260797 0 13.0398 0
260873 0 13.0436 0
260952 0 13.0476 0
260800 0 13.04 0
260907 0 13.0453 0
260963 0 13.0481 0
261004 0 13.0502 0
260855 0 13.0427 0
260939 0 13.047 0
