317 154
332 235
312 214
250 124
318 139
297 218
150 111
327 240
192 119
99 81
137 107
311 136
263 120
353 144
306 221
141 102
333 226
188 106
189 119
99 81
234 122
245 144
143 109
144 86
193 123
155 105
319 215
318 241
271 128
248 114
610 407
465 257
645 411
585 366
588 229
415 239
520 323
574 239
518 322
500 289
621 429
519 229
629 246
405 202
653 266
477 272
577 257
597 409
486 283
496 270
500 303
413 205
617 394
517 231
528 320
373 201
616 270
595 277
586 255
612 278
947 595
791 494
574 280
992 372
858 365
902 584
821 358
725 433
894 580
913 583
623 345
862 563
522 231
892 350
674 357
899 400
1006 646
821 349
1063 421
921 617
802 495
948 443
864 305
745 445
747 437
958 633
863 530
880 543
1013 688
1056 689
1244 494
1120 667
1232 517
1136 704
802 396
955 519
1157 704
684 294
817 414
1174 479
649 244
1289 559
698 303
695 307
1332 550
610 231
1365 573
678 272
1208 486
1389 891
1086 674
828 413
689 324
1057 634
1144 706
848 449
614 210
1247 528
871 485
1251 534
1677 663
1759 678
931 408
797 311
1257 739
1043 516
1497 949
1769 1172
1259 723
499 81
1138 616
1297 773
1207 692
1175 649
869 373
862 362
1680 698
992 477
966 464
958 423
1736 1174
1214 671
1034 531
1536 987
794 282
1094 573
1632 637
1645 660
1467 907
1726 685
2167 875
1085 465
2093 853
855 258
1504 883
1961 1237
1916 1252
1394 746
1746 1071
1025 388
1745 1105
1588 943
927 348
2038 863
1309 616
1244 575
1954 793
1300 694
1431 778
1105 476
2010 803
810 209
1065 450
1804 1096
2020 728
923 335
804 220
929 322
852 259
2187 1472
1140 428
2155 1349
2449 1615
2342 886
1988 1232
2412 1613
1838 999
2470 969
2462 961
2319 1509
2164 1342
932 289
1523 783
2188 1430
1767 986
1834 1069
1640 897
2048 1258
2440 984
2483 1649
1358 615
1006 311
1376 631
2346 1563
1864 1052
1232 498
2332 918
1467 745
2049 1247
1936 1091
1975 1091
1705 883
1115 336
1824 965
1757 900
2623 1027
1271 493
1998 1164
2786 1842
2924 1953
2901 1169
1809 914
1319 517
2824 1120
2268 1403
1827 951
2627 1637
2829 1089
1195 407
2355 1475
2905 1878
2040 1183
2931 1834
2427 1431
2205 1249
2573 1673
2452 1516
1416 585
2005 1135
2504 1574
1381 463
2360 1359
2478 1444
1906 956
1484 570
2502 1400
2989 1864
1595 659
1992 1018
2370 1380
2936 1791
2583 1517
1325 420
1447 543
1790 818
1642 738
2332 1261
1629 704
2954 1920
2691 1658
2055 1088
2184 1205
3154 2037
1360 458
2032 1079
3279 1175
3343 2195
1139 247
2988 1836
3114 2053
1869 825
1309 321
3560 2325
1352 360
3554 2329
1580 561
3038 1878
3497 2303
3385 2194
3360 2143
2215 1138
1377 355
3381 2200
1418 387
1965 887
3518 1339
3598 2338
2051 928
2389 1309
1503 488
2042 986
2304 1215
2183 1132
3122 1883
2436 1240
1268 263
1652 591
2029 1011
2079 1011
2562 1478
3379 2105
2785 1527
2953 1700
2058 902
2610 1430
2409 1236
2017 819
3760 2437
1869 723
3909 2479
3266 1994
3226 1979
3806 2477
3947 1548
2463 1267
4050 1596
2703 1544
3328 1999
1482 383
3556 2076
2914 1688
2292 1103
1396 291
1364 291
3999 2634
3958 1470
1720 573
2998 1687
3582 2300
3037 1691
3797 2385
1637 401
4050 2526
1891 652
1575 386
2743 1414
2541 1212
1644 427
2597 1282
3928 2394
2657 1373
3839 2441
3591 2179
2072 832
3186 1851
4272 1612
4113 2710
2701 1358
2340 993
2289 997
3383 1887
4010 2454
3032 1726
2080 849
1512 326
2697 1396
3867 2315
2195 907
4039 2555
4372 1716
1518 229
3763 2252
4030 2492
2066 728
1643 359
4071 2494
2782 1289
2626 1242
2317 947
4027 2490
3245 1812
3316 1831
3597 2037
2794 1332
3960 2396
3900 2339
2276 953
3011 1582
1941 683
2840 1357
4659 3029
4714 1790
4343 2772
2256 894
4455 2814
3359 1922
1664 368
2122 781
4809 1850
1519 224
3655 2047
2913 1370
1656 283
4217 2520
3546 1979
3142 1587
4918 3111
1729 334
3474 1837
3812 2127
5089 3219
2507 1004
3043 1508
5136 1889
3048 1552
2070 656
4747 2980
1647 256
3453 1834
3949 2327
4376 2657
3614 2001
5002 1807
1808 402
5099 3341
2523 1017
4286 2673
2612 1135
5111 1890
1659 326
4140 2418
4263 2348
3854 2218
1966 442
4532 2730
2756 1175
4268 2579
3038 1428
2516 950
2200 687
4476 2729
4107 2344
2942 1359
2132 641
4646 2656
5374 3498
2892 1313
3908 2185
2276 720
4063 2321
4592 2792
4461 2625
2774 1173
2328 801
3685 1889
1772 263
2458 891
4098 2376
3497 1865
2396 850
2511 853
5845 3719
5056 2978
6066 3809
5422 3451
5871 3774
5226 3269
3395 1567
2728 1085
2488 864
2787 1082
4778 2818
5824 3719
4341 2542
4249 2444
4384 2410
5479 3428
3893 1970
2014 417
2505 871
4182 2303
3664 1900
1832 234
3933 2098
2248 640
5373 3379
5429 3342
5786 3546
2557 882
3981 2193
3102 1272
5903 3773
5136 3154
3679 1700
6035 3915
5830 3505
2720 899
5769 3542
4208 2137
4366 2400
3262 1419
5772 3676
3938 2062
1911 232
4507 2542
5331 3205
4266 2411
4694 2698
2198 469
2153 438
5052 2825
3449 1578
6073 3821
2394 642
3490 1639
6037 3906
3428 1560
5828 3731
2944 1184
3236 1433
6769 2641
4287 2185
3222 1332
5928 3747
6278 4048
2437 599
5838 3467
4338 2321
4015 1984
6590 4267
4217 2166
6670 4313
2432 572
3630 1693
4671 2468
6637 4397
5802 3670
4319 2325
2712 824
4566 2550
4767 2711
5140 2901
3362 1448
5028 2932
5811 3648
3672 1709
5912 3738
3133 1242
3613 1668
3993 1877
2144 248
6696 4229
6199 3662
2931 945
5567 3134
2531 589
2788 785
5810 3576
3843 1824
3323 1322
2248 354
6931 4252
6027 3543
5837 3526
6253 3911
4911 2686
2180 277
6506 3986
2116 278
3084 1114
5472 3121
6544 4132
4235 2019
4741 2554
5597 3150
3570 1510
3751 1672
6808 2615
5832 3488
6430 3941
6347 3808
2689 662
3640 1501
2450 440
7372 2947
6702 4313
4340 2142
3475 1332
3360 1289
4554 2300
4073 1910
2759 761
7037 4416
2902 881
4892 2560
7141 4640
3611 1473
5958 3553
2209 229
4067 1772
6052 3578
6072 3709
4264 2109
5448 3030
5636 3350
5262 2990
6784 4203
4352 2169
6109 3662
3136 1064
3640 1364
5306 2914
3628 1420
5059 2663
2792 671
2273 191
7687 4975
3271 1119
4509 2177
6684 4026
2334 246
6071 3464
7719 2877
5532 3130
5084 2688
7212 4553
7774 5114
2346 272
5183 2774
4803 2463
7735 2824
3873 1627
3507 1302
2921 771
3168 993
5929 3460
6260 3631
5008 2587
6351 3614
3740 1420
4158 1813
3203 938
2433 282
5827 3206
5388 2837
8213 5375
6385 3567
6545 3938
5974 3261
5042 2636
4379 1978
3292 1002
3121 833
5791 3235
8019 4993
4720 2355
7074 4392
2428 225
5884 3248
7787 4953
5295 2813
3515 1240
6199 3434
7939 2997
3011 761
3588 1327
2394 203
4660 2125
7979 3080
4985 2500
7876 4957
4488 2029
8744 3096
8422 3195
5016 2389
2893 583
4201 1763
3242 883
6049 3351
8351 5419
3292 955
5732 3125
6986 4096
7454 4661
4554 2112
4154 1643
2936 587
5983 3350
3120 779
2898 574
6010 3331
7991 4890
2896 592
7273 4434
6487 3649
7965 4671
3432 1059
3986 1575
7528 4464
5202 2630
4979 2295
4684 2165
6348 3520
6743 3951
7567 4695
5606 2894
3677 1151
4271 1646
3267 836
6755 3958
3750 1267
4098 1564
3554 1047
6775 3982
7600 4665
8350 5330
6782 3743
4901 2214
3694 1149
2625 212
3585 1089
5319 2548
5339 2448
4176 1662
4218 1597
5592 2844
5098 2442
4446 1876
3171 740
4934 2191
5154 2388
6990 4003
3715 1157
9251 6044
4427 1761
6719 3867
5043 2312
4777 2101
2733 255
7458 4503
5221 2340
9125 3490
7336 4347
8826 5312
2920 402
5774 2989
3413 867
5493 2671
8706 5407
5870 2991
9150 3371
7256 4006
4766 2064
3063 572
6157 3047
5351 2547
3485 926
3107 602
7602 4425
4487 1776
5233 2269
3207 570
6065 3128
6803 3812
8947 5537
9514 3603
9064 5635
7630 4531
5297 2502
7888 4745
4807 1894
5465 2716
8980 5670
9700 6270
9034 5711
4630 1864
9332 5898
7604 4490
6896 3893
4210 1468
7931 4708
3987 1261
5557 2565
2882 298
2903 319
5855 2977
6751 3703
6564 3400
4747 1987
5760 2856
3385 699
6219 2992
6384 3377
6321 3282
5862 2780
8306 5087
8788 5315
5961 2953
3838 1082
8514 5158
4947 2055
5012 2117
4380 1608
5343 2353
10403 6722
9693 5883
8361 5093
6353 3350
8106 4747
4222 1444
3382 679
3742 937
2892 208
9352 5718
7242 4075
3839 1040
4640 1769
9968 6261
7381 4117
8509 5266
9701 5976
6162 2996
9845 6314
6719 3496
3404 610
4727 1768
3188 383
5646 2542
3948 1110
3054 265
4076 1196
7424 4036
5988 2663
5920 2812
3356 526
9583 6065
5085 2072
3113 317
4647 1636
5488 2363
8170 4842
5796 2644
5573 2515
7681 4340
9385 5884
4976 1971
7597 4223
5952 2791
10410 3703
9989 6110
7220 3743
4760 1631
4100 1136
8886 5286
9864 6145
5018 1915
3821 867
4249 1280
8051 4569
11115 4288
10899 6667
6970 3632
9700 5738
6492 3212
8875 5389
3118 223
7348 4088
5127 2004
3634 699
3953 971
10138 6186
8440 4952
10049 5877
6654 3223
4116 1173
5251 2062
3253 359
3514 577
5193 2110
10515 3913
7969 4388
4118 988
6611 3199
4005 935
11040 7022
8352 4757
8272 4590
8351 4641
11763 7214
5416 2235
3598 551
9878 5665
6355 2971
9221 5640
4199 1118
7090 3432
5675 2366
10253 6393
4372 1306
4077 998
7029 3603
4280 1174
9042 5281
10706 6622
11062 7151
10388 6420
10719 6437
3657 624
7934 4480
8949 5268
6454 2972
5903 2526
4558 1371
3783 663
5764 2463
4713 1550
5066 1767
10011 6067
7787 3982
5686 2265
6212 2787
7281 3829
6532 3069
3999 870
7772 4092
12013 7419
3377 265
7623 3922
8732 4746
9372 5212
8044 4489
5356 2101
8535 4839
8083 4558
5672 2293
9948 5948
4153 985
9519 5729
4441 1235
4875 1686
3665 459
11018 6605
8802 5012
7402 3697
7558 3964
8173 4520
8209 4539
5383 1898
4131 868
8683 5040
6937 3380
6878 3289
9119 5347
8154 4211
6095 2638
8724 4977
5637 2192
3867 627
4455 1146
5025 1699
7772 4089
6919 3245
9379 5533
8844 4973
8020 4287
9330 5365
8845 4864
10589 6532
3656 457
11900 7629
10978 6766
12186 7864
3714 414
9371 5450
12634 5132
10564 6509
10467 6436
8576 4829
11389 7138
12223 4579
8683 4664
11842 7599
5526 2076
10020 5949
4988 1538
8203 4019
7695 3829
6407 2745
7020 3284
10203 5997
4354 1002
11571 7438
9784 5774
11132 6694
12437 8011
4705 1300
6332 2718
4469 1101
6041 2527
4535 1124
9895 5710
5391 1841
8489 4273
13123 4655
10254 6092
8676 4712
3839 424
8259 4372
6211 2597
8442 4248
5356 1807
8728 4566
12222 7826
6119 2437
9769 5680
8147 4187
7686 3562
12560 4819
4665 1208
12247 7609
4858 1265
5015 1489
5583 1907
9693 5480
7201 3406
7202 3375
3825 423
5785 2151
6774 3013
12155 7846
7357 3276
6734 2760
5618 1935
8057 3891
10522 6267
6615 2773
12443 7873
11549 7145
6664 2887
5294 1620
10776 6222
12293 7564
4564 987
6734 2905
9667 5577
10230 6075
10647 6311
5348 1616
8560 4264
9157 5078
5549 1820
8840 4780
7725 3634
10067 5935
10116 5789
10781 6543
10820 6530
11153 6863
10237 5949
5529 1719
7910 3638
13111 8302
4276 630
10816 6327
9645 5319
6493 2464
5429 1721
11958 7565
8882 4748
10570 6204
13020 8453
12862 7727
8134 4108
11882 7277
5107 1386
5660 1895
6536 2567
9016 4797
9187 5073
8305 4043
10018 5520
13403 8432
10253 5769
6072 2219
13011 7865
8009 4032
11694 6807
5252 1478
3958 348
10480 6025
6198 2281
9198 4958
8606 4474
10176 5832
4955 1114
12686 7819
5511 1611
12034 7297
8700 4270
7116 3026
4907 1087
12782 8082
10532 6076
12036 7184
8551 4102
6260 2366
6199 2282
8367 4146
8671 4513
9331 4871
13145 8233
12031 7460
4479 751
9992 5483
9275 4815
8803 4633
5801 1864
4338 587
9058 4857
4799 995
13412 8027
11797 7188
5408 1454
14311 8732
12674 7845
9799 5045
13614 8602
7059 2856
8961 4599
6219 2217
11671 6808
9342 4667
13937 8400
10568 6068
8901 4552
12195 6915
12988 8214
4351 553
9477 5160
8770 4504
13694 8744
8088 3787
6291 2293
4295 477
14047 8591
9702 4995
6698 2515
10210 5674
13156 7896
9439 4990
8171 3770
14705 8672
14718 5396
9911 5237
4250 342
10896 5972
13999 8949
14738 5657
5541 1553
14067 8963
13770 8510
6130 2081
11657 6620
4477 565
4687 775
6032 1974
11848 7034
7724 3426
10947 6286
5181 1201
10181 5159
14391 9169
10839 6151
4539 637
4368 465
11763 6530
10966 6280
5565 1566
7856 3544
6820 2583
9895 5274
12450 7531
9667 4984
13046 8022
8831 4205
9897 5261
15187 9593
11729 6626
9133 4634
10548 5672
11853 6541
8801 4274
14228 9037
6169 1866
15020 5939
14146 8557
5943 1814
11286 6343
4407 409
11114 6152
13352 8281
10997 6047
5885 1693
4257 281
13536 8301
13187 8144
14829 9226
6429 2247
11055 5949
11199 6244
5732 1497
12248 7190
12611 7348
15778 9607
7166 2627
9011 4521
6164 1922
9153 4551
7633 3058
11955 6883
15422 6145
7913 3298
8297 3695
5378 1188
8815 4177
8489 3938
7554 3026
7999 3437
8261 3813
8522 3984
12884 7801
15706 9645
12781 7633
4724 623
14480 9204
11705 6671
10892 5801
4377 257
15343 5512
13118 7952
13720 8547
7575 3105
7588 3061
12337 6939
6063 1734
8858 4208
10406 5505
4932 682
12041 6903
6839 2423
6231 1754
13914 8354
14677 9216
5980 1674
12971 7651
9847 5062
5136 880
7107 2600
8249 3660
5252 925
12647 7613
7455 2970
12596 7530
6301 1902
7100 2654
12121 7039
11265 6305
5593 1215
9400 4733
5327 1077
10627 5271
9208 4307
13634 8235
4977 667
9613 4804
5619 1218
7241 2691
9428 4600
6480 2015
14280 8780
4743 436
6729 2101
9246 4488
12719 7561
11599 6340
12963 7628
14742 9431
13771 8264
4762 446
5867 1377
8223 3437
8289 3449
7757 3041
12903 7389
7072 2404
15054 9308
5889 1496
10186 4998
15649 9772
14526 8960
15285 9701
11342 5936
14672 9018
10756 5595
13573 8071
11579 6475
8765 3751
9194 4203
9997 5027
8536 3629
13333 7487
5065 618
15625 9689
14780 9144
5770 1286
11991 6289
5615 1159
6426 1839
6782 2187
5992 1433
15301 9252
8611 3750
15215 9505
12174 6986
6460 1926
7250 2472
10762 5720
12042 6784
6559 1960
4633 225
14053 8398
6819 2065
15301 9686
16505 10538
11819 6119
11275 5863
8225 3383
16677 10460
14045 8384
15283 9523
5129 562
6313 1696
13377 7769
11326 6104
11685 6352
9364 4230
16923 10933
5522 901
15653 9842
6664 2014
14497 8538
5448 901
8346 3519
8695 3777
16149 10213
7353 2567
6618 1942
5829 1160
12432 7100
7693 2973
15653 8922
17240 10800
16967 10261
12372 6961
6853 2043
6061 1372
10862 5567
9048 3982
10604 5221
5123 505
5647 969
5180 558
14191 8205
10996 5535
8325 3297
5010 410
5590 888
16763 10591
8394 3401
15470 9415
9075 3868
4901 290
5176 552
15943 10093
14082 8312
16143 9555
5669 950
16148 10370
6840 2018
12231 6832
6219 1448
6608 1691
12600 6725
13229 7469
13986 8077
6262 1417
6273 1459
10296 5000
15322 9094
6595 1752
6190 1407
11842 6387
14539 8759
7584 2640
12563 6743
13681 7734
17132 10354
11669 6222
15424 9535
17441 10995
16280 10047
5292 558
9822 4654
5909 1128
11069 5429
16018 9907
14713 8779
12503 6582
8584 3455
9478 4194
16796 10636
8338 2978
12592 6894
14258 7829
12626 6960
8732 3438
8278 3172
14708 8701
17648 11319
13229 7338
15162 8717
10605 5231
11018 5386
13404 7275
10646 5135
5447 636
15186 9143
14737 8669
14190 8382
12718 6707
14977 9072
9938 4414
6495 1564
12197 6644
12824 7172
7890 2798
14368 8486
16101 10045
9803 4462
13851 7741
14050 7765
9273 3697
6420 1467
11150 5350
9503 4201
18142 10960
13435 7746
5487 562
9510 3987
11621 5872
5194 298
9525 4063
6477 1471
8391 3184
15991 9746
17972 11395
5684 741
5550 609
14991 9112
12376 6687
11367 5694
8825 3412
13480 7636
11656 6023
11807 6163
14895 8807
6121 1165
7864 2727
5908 931
5278 383
7674 2419
16699 9961
12901 6853
10216 4722
10821 4960
6050 952
17501 10963
7493 2204
6798 1576
9139 3534
15589 9113
8461 3003
17158 10520
5312 313
16570 9819
12574 6723
12789 6650
14261 8239
18686 7067
16289 10069
17569 10613
16098 9850
7194 2076
17558 10578
10477 4999
12787 6733
9842 4400
10809 4966
9690 4177
14651 8481
18436 11489
6401 1221
8928 3468
16670 10272
13160 6996
18829 12232
6563 1377
17661 11210
14551 8308
5294 204
16117 9652
17227 10079
17401 10672
5703 652
8205 2771
8854 3200
16334 9876
15831 9605
6287 1081
14665 8433
14992 8840
14356 7895
6744 1448
12605 6469
16296 9882
9983 4284
17475 11003
15136 8850
7692 2377
11833 5866
12306 6321
6321 1073
15167 8834
7856 2364
8960 3346
10897 5082
7230 1826
7774 2321
5649 424
18246 11412
15699 9296
9519 3792
5828 663
14441 7987
8431 2857
16316 9846
19401 11718
6021 782
7912 2463
17071 10396
6162 913
7282 1916
9230 3515
14799 8297
7097 1778
18188 11092
5613 404
16227 9643
12124 6240
9805 3970
9757 3905
10349 4362
13669 7510
18320 10745
13422 7139
16540 9653
16331 9505
6743 1334
8037 2428
14522 8195
10619 4701
16726 10012
19317 12010
15756 8761
19861 12432
17600 10892
17534 10462
16622 9818
6858 1477
11696 5740
16371 9787
6333 968
19839 11772
16710 9779
10696 4824
7369 1906
15544 8454
15681 8696
6138 802
9482 3551
20670 12675
16273 9361
13196 6706
8326 2722
15974 9062
16740 9879
11426 5443
6370 923
7847 2206
17830 10678
9403 3591
20110 12455
14321 7928
12737 6609
7728 2094
18708 11659
9238 3352
8472 2746
10179 4244
6339 881
13563 7061
17172 10262
13621 7267
10365 4332
19974 12889
8048 2315
9462 3427
12422 6163
7035 1545
13060 6860
13138 6403
11530 5361
9505 3566
8314 2570
7146 1513
19715 11844
11568 5386
18765 11647
8130 2354
7517 1798
18154 11086
15257 8044
6449 913
10823 4519
7506 1831
9401 3438
15168 8106
19353 12031
11988 5433
10369 4219
12644 6008
13105 6668
18949 11225
11975 5839
13815 7358
19271 12128
13345 6716
5675 190
9071 3257
17172 9933
16170 9219
11745 5289
17091 10248
6450 810
14075 7600
8804 2946
14499 7656
6136 512
20298 13072
10787 4663
15580 8506
10120 3840
9525 3517
8170 2269
13276 6385
12168 5527
21641 13652
17416 10300
8024 2219
10329 4105
18284 11150
9217 3271
16376 9632
13375 6899
6290 665
16264 8898
6322 663
11563 5347
12705 6378
7101 1422
19436 11890
18998 11812
13991 6998
18541 10967
20177 11719
6073 355
12532 5943
17681 10513
11570 5295
7296 1505
9943 3756
13263 6748
12063 5640
9248 3226
14966 8105
20729 13174
8211 2261
11877 5433
6783 1035
16246 9442
18904 11057
13818 7136
15597 8565
6681 928
17152 10130
21391 8326
16613 9683
12185 5783
13505 6649
13241 6680
11158 4603
6963 1104
13023 6495
11458 5052
18748 11526
7847 1782
9203 3118
6424 604
9155 3022
15942 9030
18571 11313
14502 7720
17482 10352
18540 11256
7892 1928
17684 10434
12834 5859
6280 462
9479 3354
8943 2806
18615 11070
7064 1216
20494 12297
8711 2548
7444 1510
15860 8994
17468 10318
20853 12972
14284 7289
16891 9664
22331 14268
10103 3807
16213 9002
9031 2837
7280 1311
15013 8003
13439 6714
7696 1642
17646 10174
11872 5391
15885 8718
9738 3396
13921 7147
10005 3694
13400 6262
22572 14289
19529 11767
18676 11357
21508 13648
19982 11888
8280 2171
17515 10297
21165 13550
8108 2012
6454 545
16820 9482
9073 2926
17461 9904
21251 12854
9702 3385
17305 9888
8782 2543
21139 12277
14979 7517
18482 11150
9550 3256
12561 5789
17350 9504
21818 12866
14296 7158
18129 10195
19596 11999
17796 10272
8464 2188
11711 5120
19045 11522
22736 14006
18680 10537
8077 1822
13843 6922
12161 5568
9149 2821
22089 13351
11372 4818
11915 5176
13370 6638
12021 5425
12017 5476
13112 6444
11982 5137
17608 10170
19996 12387
17249 9527
21618 12671
19960 12241
10096 3514
19373 11847
11697 5035
12784 5643
19427 11142
9544 2997
11020 4288
23159 15114
9560 3005
12623 5745
6848 715
20691 12935
22451 14296
18159 10073
14526 7329
10465 3918
12558 5796
13447 6171
7116 938
18634 11225
6789 615
20377 12191
7482 1276
7409 1237
8099 1797
8755 2358
6719 517
20434 12499
7895 1526
19481 11345
19658 11905
17759 10019
9427 2793
9942 3220
10215 3652
23600 8865
13223 6217
8436 2038
17507 10066
22684 14257
7744 1415
10899 4083
7627 1355
23077 15073
18075 9861
21682 13094
18408 10883
10995 4324
10455 3783
18200 10518
21797 12681
11653 4795
11961 5190
12411 5537
7173 938
12185 5069
21953 13703
13904 6750
12205 5255
15505 8118
8869 2379
11846 4847
10416 3712
9339 2753
12038 4968
13321 6327
9000 2414
14685 7463
21799 13808
12018 4924
23424 8394
21501 13212
15377 7917
21417 13345
17096 9491
18369 10763
8580 2125
7481 1127
16324 8884
21849 13412
19784 11527
10892 4124
16989 9388
15883 8507
9355 2679
9364 2668
11688 4752
7974 1402
20257 12072
14249 6880
17902 10231
21130 12652
13796 6521
16628 8577
16746 9078
20269 12392
16215 8806
9499 2661
8087 1525
20140 12159
10873 3810
16582 8732
20083 12210
15698 8170
23430 14477
8030 1496
21247 12768
14264 6608
21787 13113
20541 12433
16293 8249
13182 5842
18351 9890
17044 9124
18556 10768
20311 12161
7693 1081
16941 9205
11936 4821
21428 13095
18327 10230
9253 2404
22423 13976
22767 14470
9304 2565
15027 7389
8434 1764
16208 8428
16411 8241
18108 10276
12811 5562
18489 10532
17221 9324
15234 7466
12135 5035
12112 4931
14325 6557
9307 2481
7121 602
11898 4850
19617 11760
19963 11902
10599 3648
8576 1754
9510 2701
14026 6505
7170 514
8959 2131
19020 10797
18383 10478
14186 6524
15534 7943
10279 3120
25437 16264
14745 7028
14839 7285
8615 1822
20674 11980
11220 4036
24264 14675
19044 10899
25415 15508
23521 15035
16861 8907
7631 947
12917 5682
9485 2648
15398 7427
21149 12442
14422 6892
23780 14657
9785 2941
12098 4874
8040 1348
8074 1297
18811 10511
9304 2383
21777 12493
15079 7387
19722 11358
23313 14052
12877 5534
19381 10756
8057 1275
7364 631
13534 5979
23181 13867
8972 2021
13052 5658
19396 10565
21034 11929
7593 854
20538 12008
14977 7298
22745 13955
10366 3259
22883 14302
7028 332
10795 3443
19436 11007
11672 4506
18493 10062
9355 2397
9426 2438
13479 6078
21233 12002
21949 12888
13730 6099
9312 2333
24123 14897
17926 9814
22177 12933
9652 2458
18180 9913
15341 7675
11921 4570
9494 2465
11879 4323
8463 1521
12389 4788
11056 3863
11916 4476
13736 6260
14727 6584
19953 11779
20947 12041
12022 4648
11190 3985
16953 8366
17917 9900
14980 7159
16479 8355
22932 13888
13162 5469
24693 15872
17629 9402
14836 6754
19348 11016
10324 3055
8551 1472
24700 15637
22596 13989
17376 9300
14832 7044
13531 5786
14616 6784
16028 8028
14016 6397
20047 11593
16210 7952
9915 2703
24270 15363
22847 13150
12106 4564
21027 12485
14183 6630
15592 7777
23028 14180
19153 10714
14930 7144
16152 8285
18533 9954
14187 6442
18590 10400
7453 510
7222 215
24613 9233
9792 2466
18750 10377
26340 16171
17568 9506
11252 3837
16878 8703
18150 9465
23433 13841
13474 5761
15910 7627
16105 7826
20274 11538
14245 6487
18889 10095
10026 2635
13507 5643
18349 9884
8785 1650
21623 13023
23625 14298
18522 10125
8928 1667
20717 11673
20749 11774
19618 11152
25787 16241
21491 12310
20807 11811
24121 14921
18364 9308
15763 7709
22609 13630
9414 2104
7338 235
18070 9903
19634 10752
13331 5588
8996 1678
11035 3314
22056 12508
21399 12689
23414 14269
23903 14119
11222 3730
18245 9160
19275 10689
24390 15102
14650 6501
14803 6890
13683 5774
23763 14412
13321 5545
12437 4863
17862 9600
11349 3866
21651 12660
12114 4528
16598 8482
19544 10659
13798 5743
20436 11598
22205 13160
21976 12441
17098 8762
13017 4949
20091 11292
21142 12218
12663 4698
19438 10832
9149 1745
15951 7831
7849 635
10887 3304
18526 9551
16462 8150
23739 13438
16302 7948
11314 3521
23986 14128
24955 14933
21242 12578
10982 3448
25066 15511
18657 9884
8145 917
24849 15672
17211 8826
13717 5903
8949 1544
10876 3087
23530 14303
18584 9547
23866 14169
17500 8732
24532 14939
17117 8399
26902 16185
9720 2131
21296 11708
25619 16180
20890 12103
15558 7219
20401 11133
19360 10859
14809 6491
23356 13190
20637 11618
7820 502
23142 13050
23456 13791
15626 7042
13260 5045
28169 18021
21567 12529
12022 4188
28494 17225
14285 5909
13811 5883
8733 1247
26648 16615
26926 17023
21173 11710
11012 3264
14858 6708
13286 5314
16704 8181
25153 15733
27732 10467
21334 12426
23467 14322
19479 10472
10047 2413
18857 9770
19752 10971
23132 13779
28861 10411
9292 1612
21883 12818
23552 13392
18921 10078
28804 10287
11402 3720
11597 3835
12935 4958
17463 8989
22930 13577
20045 10527
17715 8861
16627 8078
10191 2453
18802 10104
21093 11901
16142 7235
24641 14583
20772 11654
13088 4798
14574 6337
26323 16368
8176 664
23104 13714
17699 8941
24062 14109
8257 706
23912 14001
22438 13007
8102 577
27378 17131
10166 2416
9183 1477
14810 6540
18099 9346
27451 17676
17388 8635
22831 13515
13744 5514
29264 11536
26432 16377
25598 14979
25660 14557
13988 5652
29369 17933
24080 13862
9594 1765
18549 9490
27969 16489
13087 4913
25289 15743
10151 2356
23580 13819
8421 781
22106 12325
20693 10627
16838 8219
24129 14536
15084 6558
17455 8723
9502 1665
21838 12478
22394 12571
7889 292
14180 5485
14652 6264
10862 2944
24811 15010
12279 4233
12397 4281
20304 10431
23286 13783
22856 12945
24801 14419
20264 10982
28934 18483
17823 8865
21911 12329
15168 6659
7902 213
23647 14160
14544 5921
16662 7774
24214 14029
28032 17679
16027 7319
9080 1285
11726 3691
20394 11308
20449 11428
26983 16336
24580 14067
23332 13349
27030 16635
8655 919
25243 15291
14656 5972
10438 2564
13105 4498
20759 10756
19307 9832
16137 7164
17648 8605
10312 2172
15406 6806
18534 9217
25348 14946
17799 8725
8071 285
14694 6063
23935 14109
23635 13404
25226 14838
16096 7387
23003 13327
21227 11425
21968 12690
20650 11393
29364 11228
14052 5612
14019 5588
14701 5862
11202 2975
16476 7580
9901 1913
12017 3668
16875 7874
18558 9402
11706 3471
24698 14737
25014 15049
13186 4794
20471 10847
20463 11168
19051 9429
25971 15362
26152 15983
12953 4405
13867 5362
25051 15206
25846 15624
28969 18127
28942 18234
13831 5310
25284 15301
9190 1222
14030 5481
20474 10404
15729 7006
16481 7205
15873 7110
17518 8152
14472 5680
21246 11730
9714 1641
19628 10341
11032 2852
20344 10740
12225 3799
20683 11353
10634 2482
20371 10878
17540 8515
21346 11367
21616 12056
17115 8018
23183 13371
21040 11480
10953 2682
26670 16535
30021 17861
24743 14976
11696 3374
21427 11579
24908 14722
19046 9867
27685 17200
11857 3374
23351 12756
18081 8867
21529 11364
22566 12748
19058 9845
28464 17870
10997 2617
24540 14235
23365 13400
20011 10510
14030 5381
17557 8293
23561 13785
24050 14097
19759 10230
15813 6909
19431 9940
27453 17027
25365 15152
11312 2939
10697 2351
14374 5333
25289 14482
8859 697
22679 12879
10095 1813
10966 2666
19016 9135
10409 1958
27502 16506
21196 11711
22336 12000
23569 13120
26421 16255
19409 9950
26340 15695
9350 1186
21340 11710
26699 15806
21503 11785
14792 5815
16073 6905
13489 4653
24179 13977
10331 1830
15722 6551
18317 8987
10009 1555
13959 4998
16153 7082
11102 2597
28896 18354
31100 20188
13555 4850
9181 918
20328 10874
25026 14419
25862 15434
26744 16150
19156 9296
25901 15550
30457 19576
29784 18860
26880 16437
13912 5028
23916 13937
23937 13892
19777 10105
20428 10767
18859 9488
10566 2200
12850 4165
31262 19655
15311 6222
14985 5698
20638 10985
24296 13705
26835 16088
27983 16849
14627 5444
29661 18755
27823 17183
18870 8896
16847 7526
19135 9503
29609 18552
28697 17760
29836 18570
19354 9600
8944 623
18619 9239
18508 8941
28296 16208
15738 6681
18562 9048
8777 453
31768 19645
18400 8751
22878 12575
26241 14693
24207 13887
24404 13867
15256 6312
27100 15786
8925 538
24675 14552
21645 11627
27791 16489
10365 1768
21169 10921
14077 4963
19767 9669
20379 10609
9424 971
26174 15676
17706 8289
20643 10790
12924 3905
28087 17124
15604 6429
25168 14901
12170 3383
18469 8959
27539 16283
20937 11236
29943 18925
25785 15271
32046 12255
31581 18939
16208 6744
20229 10118
19764 9780
30387 18546
26785 15424
17134 7549
10986 2241
19057 9081
32754 21171
16355 6564
11313 2583
14979 5757
18009 7925
17673 7964
11995 3154
17152 7631
18223 8060
32749 21223
26889 16088
32530 11946
17601 7930
24856 14441
25417 14874
13022 4011
18713 9030
11506 2681
15989 6773
28273 17375
28847 17599
33049 13073
13836 4795
27723 16870
10125 1448
22466 11725
12756 3828
28764 17293
25826 14967
9611 995
28023 16472
18216 8412
10400 1663
22219 11179
12778 3794
9437 830
23367 12554
27183 16543
20176 10307
17675 7839
25989 14559
14928 5705
20403 10438
13512 4265
20175 10130
26088 15235
12036 3148
31463 19211
28887 16802
21670 11093
14891 5573
21593 11435
9807 1155
19378 9427
21012 10433
14647 5017
28933 17604
17077 7346
10239 1483
26906 16209
31236 18634
16283 6441
17497 7754
14838 5256
20397 9716
24607 14113
31488 20344
24001 13215
9232 503
27854 17047
28100 16110
20551 10086
23087 12277
30364 18232
11971 2899
9200 469
21051 11096
15841 6257
16983 7453
25055 13676
13473 4138
18761 8749
25298 13414
26165 14887
31329 19233
28388 17138
11629 2681
9702 862
11670 2637
20962 10664
15659 5936
14417 4880
18876 8717
16314 6506
11262 2112
17072 7343
12362 3154
27906 16907
17963 7960
23660 12959
13904 4550
15093 5295
29620 18424
17512 7617
27744 16753
21505 11067
20055 9619
21927 11711
21904 11032
28984 17638
15703 6092
12788 3592
19163 9116
31777 19199
24673 13589
16902 7217
29728 17206
21529 10784
32900 20814
20049 9921
13318 3942
23502 12433
10500 1511
17737 7931
27914 16457
11218 2116
11528 2377
22476 11905
20403 10059
27182 15719
12985 3641
21731 11398
11502 2388
27106 15722
25047 13479
31798 20081
33243 21389
13225 3717
13332 3884
24518 13413
22692 12180
27914 16392
26572 15378
14855 5204
13020 3716
24612 13335
26482 15283
12218 2818
26420 14529
33532 20710
14363 4638
25543 14168
21856 11192
18980 8883
12023 2646
25193 13722
22736 11923
17803 7597
14751 4980
24431 13670
25916 14894
15485 5654
12878 3514
29196 16357
26212 13775
21566 10910
23997 13194
30886 18932
15092 5348
18334 8184
13338 3983
32277 20113
33493 20638
20937 10548
17240 7254
32908 19786
10413 1313
22911 11977
21153 9945
32646 20801
28154 16932
24260 13339
11464 2128
12323 2865
18783 8723
33443 20429
31435 19039
12328 2923
11239 1902
30719 19098
15899 5704
33444 20949
17948 7616
11457 2077
14688 5005
10974 1627
16571 6663
34332 21378
12917 3233
9353 260
20246 9865
30146 18317
30267 18167
30489 18530
12158 2762
21502 10757
29137 16598
19381 8851
18299 8099
22081 11242
10766 1427
33621 20829
28900 16861
28187 15875
21954 11074
19154 8873
33506 21194
21372 10553
35322 22896
11384 2004
20130 9823
16415 6150
27119 15254
24104 13196
19698 9012
33126 21254
17417 7243
10123 905
22844 11817
14241 4229
27738 16279
22959 12004
10319 1027
16345 6350
14807 4748
26090 14475
32135 18710
30503 18043
10472 1108
28871 16807
34323 21863
25067 13859
30891 17967
14594 4709
9793 493
21068 9606
33238 20955
27191 15690
22047 10807
12397 2839
31148 18320
21134 10393
31188 19390
10132 820
18185 7391
28161 16190
35714 21263
12488 2837
18411 8168
30396 18311
24654 13614
24507 13494
17723 6979
15750 5566
32150 19318
23925 12760
19610 9206
33676 21403
22239 11357
10545 1065
34113 21329
35780 22487
32205 19280
33543 21128
33624 21138
14045 4135
17797 7377
12520 2774
15000 4845
13039 3308
25090 13011
31473 18733
23486 12569
27861 15952
30530 18773
32506 18848
33354 19168
30433 18199
32501 18933
18810 8394
9682 295
21005 9883
15025 4852
31652 19694
15397 5072
26917 15495
21012 10297
34976 22699
11628 1827
20027 9085
32075 19509
25936 14016
12809 3058
9967 458
18461 7842
12478 2724
21867 10995
32536 20592
10682 1117
30593 17803
14905 4798
31202 19176
27616 15822
34519 21769
36091 23402
24461 13154
21406 10416
25412 13812
34452 21331
31700 18636
31404 18178
12392 2606
32078 19551
9737 249
26700 15304
23361 11217
31114 18640
18196 7602
17910 6991
21443 10487
20033 9218
30204 18015
32362 19124
31422 19050
32814 20564
11550 1777
35015 22309
26071 14631
34844 22331
14698 4539
33611 20145
13194 3198
24079 12328
28555 16521
20358 9621
16919 6446
35936 12908
27467 14771
19279 8340
29785 18038
14334 4218
31797 19547
32100 18809
31492 18839
13167 3159
35308 22825
35539 21906
36093 23474
23790 11922
27294 15077
14604 4471
31247 18112
31924 19481
10478 746
19136 8339
30184 17456
28536 16467
31605 18770
29280 17092
32189 19684
14999 4365
22234 10978
30449 17888
37571 14136
32157 19276
29271 17113
10544 803
36187 13283
11715 1799
28351 15649
17712 6971
10986 1201
11817 1927
23856 12371
24329 12326
27266 14483
11054 1219
33087 20302
13571 3208
33456 19469
26165 14428
21577 10216
25335 13511
25448 13662
33995 21435
19878 8811
28716 16603
36609 23469
15968 5428
23991 11852
34657 21078
10534 726
29255 16656
31258 18337
12393 2261
30641 18095
16232 5403
13932 3709
17647 7022
14818 4561
15098 4605
25778 13352
10017 236
35596 22317
16414 5876
32204 19151
23454 11690
20730 9492
14739 4097
30191 17917
37644 23570
27690 15484
32466 19760
28011 15634
14532 3909
22468 11288
31017 18553
34166 21532
21449 9816
17168 6560
31235 18278
32093 19293
36668 23081
14672 4290
36832 23619
23499 11799
10504 653
19944 8731
11951 1789
33406 20746
27826 16190
13233 3034
11232 1195
16548 5853
36283 22672
31076 18541
25592 13691
27518 15400
28284 16188
29645 17338
22542 10723
35062 20847
22343 10769
18110 7217
27701 15208
32907 19639
18157 6962
17948 6584
15550 4958
11087 950
26066 14155
22959 11648
10798 763
35611 21398
15548 4848
22587 11062
28559 16256
34073 21160
32753 20058
16565 5596
21373 9921
21514 10160
25507 13726
23755 12255
30954 18195
21497 10024
28793 16241
