288 125
330 227
326 220
237 117
274 96
278 212
145 108
332 232
184 100
99 81
140 108
282 135
257 115
327 158
309 218
139 101
308 215
193 108
193 126
99 81
204 98
206 109
142 105
177 123
177 109
157 112
288 200
325 245
261 130
242 116
640 424
451 230
659 439
522 334
557 231
390 198
505 290
564 241
475 286
428 244
616 418
495 225
636 253
405 198
646 274
471 282
560 240
582 397
472 291
461 241
416 227
371 188
576 376
500 222
533 336
432 203
613 248
571 267
563 250
600 261
939 620
768 465
602 306
967 337
853 360
826 533
761 322
645 357
915 600
885 573
580 296
790 505
510 220
869 350
653 358
838 350
948 642
818 371
973 368
914 615
766 468
895 407
1030 423
506 286
736 434
984 618
794 493
853 515
973 663
1037 691
1301 509
1108 668
1205 485
1122 705
775 348
883 495
1095 678
681 305
815 394
1156 467
649 235
1246 537
687 303
692 276
1284 512
636 227
1329 534
577 219
1224 498
1288 872
1029 617
817 405
661 280
1056 626
1063 663
840 444
606 214
1228 517
876 478
1212 487
1617 648
1682 615
931 430
811 294
1120 677
1003 474
1399 885
1731 1159
1249 716
499 81
1102 599
1278 757
1163 650
1130 630
836 337
852 348
1585 621
967 463
930 429
948 445
1711 1117
1142 618
950 448
1503 978
759 253
1080 565
1552 571
1547 573
1469 885
1681 649
1981 767
1029 401
2053 854
845 252
1435 801
1850 1200
1751 1133
1318 711
1648 1030
946 331
1762 1093
1519 890
899 320
1912 726
1274 636
1158 519
1848 736
1305 671
1349 730
1048 431
1904 754
824 228
1087 479
1733 1032
1964 715
941 342
836 225
924 307
844 248
1982 1328
1153 455
2100 1332
2409 1591
2236 835
1989 1244
2368 1580
1696 914
2394 972
2341 891
2231 1459
2099 1313
1142 415
1467 722
2220 1442
1693 934
1771 1019
1592 867
2017 1270
2254 865
2273 1498
1423 663
1015 311
1313 590
2149 1413
1763 994
1205 510
2236 862
1411 705
1915 1172
1808 1051
1839 1006
1696 853
1107 315
1802 957
1676 842
2606 962
1266 472
1922 1111
2645 1759
2747 1825
2756 1097
1768 898
1317 474
2665 998
2191 1333
1782 919
2560 1607
2682 1054
1132 349
2212 1356
2716 1772
1944 1128
2706 1693
2309 1394
2145 1210
2531 1596
2338 1452
1373 583
1955 1072
2481 1558
1369 434
2238 1296
2410 1405
1819 905
1486 560
2440 1404
2786 1796
1546 612
1935 987
2211 1266
2819 1731
2511 1511
1317 403
1436 531
1728 802
1617 719
2252 1208
1588 688
2861 1858
2572 1573
2006 1020
2073 1111
3049 1987
1331 412
1958 1017
3016 1098
3169 2097
1120 216
2958 1978
2956 1981
1657 701
1323 328
3415 2243
1359 346
3418 2246
1533 543
2977 1862
3266 2139
3175 2066
3301 2179
2235 1187
1343 334
3205 2098
1322 330
1884 887
3537 1346
3484 2290
1931 873
2302 1266
1493 473
1985 949
2238 1154
2062 1039
2921 1780
2241 1158
1238 246
1619 573
1967 941
1974 945
2428 1376
3212 1989
2661 1463
2652 1490
2027 896
2552 1389
2321 1177
1898 747
3413 2168
1780 679
3638 2316
3213 1959
3189 1970
3568 2332
3707 1403
2345 1177
3816 1427
2569 1458
3129 1879
1294 266
3356 2033
2692 1530
2188 1026
1332 247
1399 306
3718 2439
3845 1415
1753 591
2878 1604
3397 2167
2640 1447
3649 2291
1621 414
3906 2515
1855 628
1598 379
2676 1385
2443 1151
1643 447
2574 1292
3803 2363
2422 1232
3586 2269
3480 2120
1853 701
3174 1805
4049 1500
3894 2533
2706 1413
2233 931
2201 960
3230 1840
3934 2425
3043 1742
2010 797
1464 282
2642 1326
3684 2186
2213 942
3822 2416
4162 1621
1508 224
3599 2148
3842 2383
1989 674
1604 330
3894 2383
2718 1273
2430 1099
2288 947
3764 2328
3091 1710
3158 1773
3191 1784
2720 1310
3925 2376
3813 2267
2300 1000
2951 1548
1912 674
2714 1278
4488 2904
4475 1650
4095 2628
2211 868
4188 2643
3289 1888
1643 359
2144 821
4439 1640
1507 218
3523 1961
2738 1277
1657 270
4025 2431
3320 1771
3113 1597
4620 2976
1695 287
3375 1764
3725 2121
4714 3085
2420 936
3066 1544
4891 1777
2893 1408
1972 540
4479 2846
1639 239
3322 1791
3748 2186
4114 2487
3445 1916
4830 1672
1791 403
4744 2995
2446 948
4080 2512
2522 1060
4941 1808
1848 429
3974 2320
4148 2352
3718 2131
1995 470
4380 2671
2772 1205
4144 2474
2925 1337
2386 848
2172 666
4430 2733
3992 2292
2922 1370
2118 612
4278 2481
5113 3304
2826 1264
3710 2060
2197 640
3910 2187
4309 2629
4196 2502
2665 1125
2240 727
3435 1751
1744 238
2413 894
3822 2201
3374 1755
2356 813
2453 802
5572 3586
4739 2835
5734 3627
5328 3386
5491 3521
4939 3071
3123 1412
2644 1034
2447 828
2676 1046
4576 2726
5512 3544
4281 2510
4085 2339
3947 2200
5083 3200
3676 1867
2011 400
2505 843
4076 2201
3679 1956
1798 208
3807 2081
2218 606
5210 3298
4997 3118
5391 3400
2519 888
3740 1999
2965 1204
5430 3545
4687 2775
3514 1613
5791 3821
5560 3326
2628 878
5624 3419
3917 2002
4172 2256
3192 1403
5664 3664
3833 2001
1922 210
4123 2282
4848 2881
4296 2388
4430 2545
2201 489
2120 412
4667 2640
3361 1534
5906 3778
2393 657
3387 1547
5628 3606
3260 1503
5364 3410
2921 1181
3339 1518
6293 2303
4120 2097
3128 1254
5832 3743
6082 3897
2380 556
5492 3284
4136 2200
3835 1884
6132 3993
4170 2147
6241 4125
2392 578
3519 1597
4417 2328
6341 4140
5622 3559
4127 2203
2655 826
4325 2366
4748 2754
4924 2781
3234 1367
4819 2797
5668 3583
3491 1591
5778 3586
2954 1098
3547 1613
3761 1814
2132 215
6536 4093
5865 3543
2874 911
5289 3020
2490 587
2710 749
5710 3456
3663 1681
3203 1273
2207 323
6581 4022
5747 3343
5662 3506
5973 3727
4664 2578
2155 251
6368 3985
2098 265
3022 1081
5240 3016
6145 3762
3931 1825
4578 2480
5227 3043
3394 1400
3590 1596
6369 2355
5569 3325
6017 3669
5886 3496
2622 629
3485 1438
2420 410
7072 2789
6308 4058
4196 2072
3303 1225
3227 1194
4355 2190
3966 1848
2758 760
6543 4201
2944 918
4688 2491
6798 4469
3510 1397
5754 3460
2197 200
3875 1707
5795 3398
5792 3568
4089 1965
5162 2850
5603 3338
5064 2847
6368 3961
4105 1981
5817 3507
3071 1031
3506 1289
5179 2838
3475 1328
4889 2598
2734 639
2282 193
7104 4638
3193 1085
4327 2060
6370 3802
2305 222
5685 3276
7401 2763
5233 2893
4851 2520
6833 4318
7459 4877
2339 220
4801 2498
4546 2275
7050 2453
3796 1597
3441 1289
2931 808
3063 938
5747 3317
5922 3407
4852 2558
5935 3482
3568 1339
4025 1712
3120 887
2578 382
5590 3040
5216 2819
7899 5100
5961 3443
6189 3649
5678 3140
4771 2432
4329 1965
3184 937
3069 863
5570 3106
7539 4663
4678 2367
6751 4132
2402 216
5572 3104
7494 4777
5085 2705
3396 1175
6025 3324
7580 2770
3008 786
3646 1349
2384 208
4451 1995
7639 2927
4682 2287
7473 4778
4281 1849
8256 2909
8051 3022
4865 2301
2853 567
4034 1634
3160 828
6091 3490
7784 4954
3246 891
5604 3087
6676 4062
7058 4416
4404 1978
3985 1572
2862 572
5774 3222
3077 740
2861 547
5651 3140
7823 4879
2824 526
6900 4228
5989 3411
7274 4470
3441 1083
3910 1534
7256 4282
5037 2570
4880 2216
4715 2164
6148 3435
6443 3748
7315 4516
5438 2797
3594 1126
3923 1475
3130 726
6502 3775
3672 1226
4184 1626
3373 923
6413 3747
7127 4387
8025 5135
6519 3586
4708 2148
3529 1060
2580 186
3426 984
4933 2319
5150 2401
4070 1601
4097 1495
5402 2788
4972 2376
4325 1805
3159 743
4721 2082
5004 2249
6696 3859
3646 1084
8837 5826
4279 1656
6711 3888
4876 2199
4590 1943
2728 237
7364 4482
5106 2298
8630 3190
6956 4102
8238 5062
2870 376
5579 2908
3342 831
5358 2598
8460 5314
5553 2839
8600 3078
7085 3944
4646 1975
3078 575
5675 2909
5211 2462
3425 893
3080 581
7271 4240
4310 1650
4961 2147
3143 566
5961 3132
6499 3590
8401 5216
9135 3554
8599 5382
7401 4349
5239 2483
7549 4521
4675 1853
5472 2650
8699 5628
9123 5937
8715 5698
4442 1728
8895 5621
7287 4298
6744 3802
4063 1401
7371 4401
3937 1245
5267 2400
2873 284
2932 328
5621 2828
6412 3501
6237 3283
4603 1906
5487 2660
3339 632
5880 2892
5914 3081
6247 3146
5657 2701
8017 4890
8272 5019
5637 2721
3840 1052
8441 5078
4755 1944
4857 2043
4413 1616
5133 2277
9931 6427
8975 5460
7889 4829
6212 3268
7601 4379
4141 1384
3368 665
3636 875
2894 206
8806 5271
6941 3862
3752 964
4432 1631
9653 6312
6988 3980
8215 5034
9239 5805
5646 2691
9471 6121
6110 3107
3392 590
4629 1731
3161 376
5500 2548
3917 1079
3061 283
4009 1154
7186 3876
5699 2554
5879 2826
3301 504
8999 5656
4967 1987
3115 312
4609 1660
5339 2309
7783 4590
5405 2390
5628 2614
7283 4141
8844 5569
4841 1891
7236 4037
5595 2564
9923 3462
9266 5791
6971 3616
4629 1585
3965 1031
8266 4880
9356 5959
4888 1865
3734 835
4097 1163
7598 4247
10309 3933
10194 6301
6595 3400
9300 5552
6156 3000
8391 5051
3112 220
6828 3637
4982 1913
3548 653
3959 979
9378 5807
8102 4708
9166 5605
6266 3013
3978 1035
5153 2087
3201 308
3493 558
5052 2029
9802 3560
7507 4144
4007 932
6346 3005
3974 947
10455 6794
8165 4691
7787 4321
7994 4462
10874 6933
5347 2187
3478 479
9261 5333
6082 2772
8849 5431
4119 1083
7154 3552
5405 2256
9966 6184
4370 1308
3999 941
6768 3475
4238 1170
8348 4784
10206 6343
10490 6791
9859 5996
10106 6173
3617 592
7521 4204
8643 5110
6101 2748
5849 2490
4389 1217
3774 669
5632 2373
4788 1617
4915 1741
9969 6000
7428 3809
5418 2131
6040 2657
7037 3658
6386 2918
4008 883
7450 3954
10924 7061
3333 243
7320 3762
8157 4428
8832 4978
7639 4201
5128 1932
8095 4596
7894 4402
5539 2231
9490 5789
4066 940
9383 5509
4348 1170
4742 1557
3660 433
10433 6313
8400 4719
7140 3585
7217 3721
7753 4233
8075 4534
5167 1770
4069 838
8223 4695
6576 3143
6651 3176
8502 4903
7849 4228
5904 2501
8726 4980
5477 2088
3859 624
4312 1068
4901 1613
7397 3830
6911 3367
8978 5235
8530 4807
7595 4043
8698 5001
8453 4697
10227 6350
3654 439
11265 7269
10431 6410
11294 7271
3703 412
9112 5373
11803 4470
10057 6218
10254 6359
8067 4395
10933 6891
11488 4199
8236 4421
11500 7304
5348 1890
9371 5587
4795 1448
7713 3826
7404 3678
6106 2544
6475 2979
9779 5797
4356 1035
11099 7075
9435 5510
10357 6339
11738 7528
4631 1268
6109 2609
4365 1016
5866 2447
4517 1123
9228 5353
5281 1772
7975 3978
12469 4407
9860 5802
8372 4535
3810 400
8070 4074
6025 2468
8019 4042
5335 1773
8195 4232
11743 7598
6057 2345
9274 5382
7786 4020
7255 3300
12176 4598
4512 1093
11593 7353
4763 1245
5087 1587
5316 1724
9228 5261
6953 3306
7040 3292
3791 393
5754 2163
6599 2900
11419 7277
6910 3071
6429 2600
5453 1821
7520 3645
10186 6135
6406 2670
11948 7643
11104 6902
6571 2836
5269 1646
10268 6000
11612 7214
4483 935
6499 2801
8941 5093
9473 5533
9850 5786
5415 1685
8245 4131
8535 4673
5370 1714
8473 4515
7319 3475
9579 5617
9725 5629
10218 6133
10442 6257
10550 6434
9662 5647
5411 1687
7362 3316
12322 7969
4231 602
10213 5982
9257 5000
6157 2260
5241 1532
11290 7025
8589 4624
9976 5859
12118 7602
12245 7442
7739 3760
11092 6683
5019 1357
5522 1816
6416 2516
8742 4507
8743 4771
7867 3838
9665 5457
12670 7999
9826 5589
5908 2106
12805 7806
7538 3687
10638 6213
5197 1433
3780 265
9881 5677
6030 2181
8861 4792
8299 4284
10128 5796
4981 1183
12096 7491
5368 1581
11458 6989
8281 4021
6863 2865
4839 1104
12280 7815
10078 5739
11411 6878
8293 3952
6108 2270
6045 2180
8244 4155
8526 4409
8726 4595
12479 7875
11635 7312
4418 717
9453 5275
8729 4646
8454 4400
5586 1723
4260 541
8729 4680
4720 966
12270 7656
11698 7243
5285 1383
13419 8456
12339 7461
9441 4885
12518 7909
6860 2750
8710 4483
6199 2284
11202 6592
8893 4494
12594 7955
10245 5748
8523 4302
11653 6709
12039 7503
4328 535
9006 4812
8468 4241
13059 8462
8026 3758
6124 2159
4277 462
13042 8076
9213 4762
6551 2479
10024 5467
12456 7753
8920 4665
7716 3545
13702 8281
13588 4877
9251 4821
4245 350
10217 5560
13297 8551
13678 5108
5504 1525
13115 8477
13283 8184
5932 1891
11179 6321
4438 533
4641 733
5961 1961
11348 6531
7413 3239
10538 6138
5101 1159
9586 4875
13592 8678
10453 5924
4538 627
4357 441
11258 6346
10448 6014
5327 1418
7608 3359
6516 2401
9344 4959
11724 7082
9266 4762
12502 7759
8274 3939
9526 5065
14145 9120
11593 6506
8545 4211
10081 5426
11125 6253
8429 4064
13567 8697
5950 1806
13908 5166
13338 8302
5976 1877
10873 6134
4451 473
10461 5817
12605 7815
10524 5829
5681 1596
4274 271
12841 7821
12526 7703
14088 8838
6282 2146
10704 5834
10680 6015
5559 1395
11635 6864
11908 6699
14985 9293
6878 2592
8694 4287
6014 1819
9049 4574
7504 3045
11249 6554
14716 5646
7607 3125
7861 3431
5282 1127
8422 3950
8081 3630
7205 2831
7863 3381
7922 3557
8248 3869
12258 7373
14561 9098
11747 6798
4713 612
13635 8717
11184 6437
10332 5377
4372 260
14455 5249
12355 7488
13193 8218
7352 2899
7124 2697
11751 6596
6000 1682
8589 4100
10352 5486
4870 651
11886 6789
6658 2303
6099 1702
13440 8181
14012 8948
5686 1484
12250 7203
9547 4880
5043 808
6898 2455
7923 3472
5139 870
12132 7257
7206 2827
12543 7321
6239 1938
6940 2607
11553 6419
10849 5952
5502 1208
9048 4501
5281 1067
9886 4886
8786 4019
13274 8088
4976 671
9090 4424
5525 1158
7096 2643
9026 4386
6152 1757
13609 8490
4759 440
6451 1907
8984 4314
12468 7505
10992 6103
12414 7376
14210 9095
13451 8192
4733 443
5772 1354
7969 3406
7974 3257
7661 3009
12241 7163
6967 2407
13957 8821
5837 1460
9440 4754
14817 9330
14146 8860
14622 9202
10993 5851
14251 8667
10212 5255
12859 7640
10976 6014
8647 3742
8935 4115
9749 4923
8388 3471
12313 7044
5039 638
14612 9352
14233 8739
5670 1199
10750 5689
5495 1043
6280 1737
6438 1916
5927 1413
14374 8721
8328 3567
14506 9092
11876 6709
6313 1816
6985 2397
10207 5345
11232 6287
6477 1952
4593 200
13581 8053
6546 1916
14472 9156
15702 10090
11359 5912
10697 5592
7912 3186
15499 9865
13275 8038
14717 9114
5095 566
6241 1671
12868 7469
10717 5692
11308 6194
9193 4168
15317 9838
5457 880
15091 9598
6428 1842
13834 8122
5411 873
8179 3449
8301 3525
15646 9987
7145 2462
6464 1842
5749 1123
12001 6812
7511 2868
14369 8424
16164 10208
16044 9858
11657 6467
6645 1846
6016 1346
10358 5305
8730 3827
10318 5174
5049 468
5617 952
5115 487
13665 8095
10567 5255
7957 3066
5033 421
5574 912
15620 9957
8081 3183
14879 9210
8837 3809
4910 302
5140 522
14970 9479
13311 7791
15046 9160
5606 930
15332 9823
6660 1929
11527 6384
6159 1364
6592 1667
12132 6531
12550 7060
13510 7828
6181 1352
6140 1397
9798 4683
14361 8568
6362 1598
6125 1371
11301 6074
13847 8385
7314 2452
12055 6461
13008 7362
16060 9802
11076 5961
14685 9043
16425 10648
15387 9588
5268 564
9535 4421
5849 1079
10525 5203
15581 9615
13827 8221
11861 6276
8247 3314
9404 4082
15651 9865
7946 2870
11987 6569
13467 7468
11712 6251
8526 3406
7940 2968
13911 8179
16607 10824
12593 6971
14206 8238
10145 4885
10453 5097
12803 6986
10010 4744
5393 567
14717 8893
14156 8423
13621 8092
12026 6386
14401 8786
9467 4168
6433 1552
11694 6264
11806 6352
7795 2747
13841 8209
15461 9704
9296 4087
13123 7477
13727 7556
8906 3497
6305 1354
10649 5142
9053 3904
16997 10264
13115 7539
5511 577
9238 3852
11177 5605
5154 280
9205 3945
6336 1338
8122 2861
15216 9250
16995 10729
5621 697
5433 531
13871 8131
11722 6154
10876 5413
8547 3294
13219 7458
11164 5706
11579 6117
13658 7992
5999 1062
7675 2617
5894 932
5266 373
7453 2283
15939 9688
12432 6586
10014 4608
10486 4828
6015 953
16614 10505
7441 2224
6604 1500
8819 3394
14806 8703
8173 2881
16827 10093
5313 324
15995 9521
11878 6309
12369 6524
13851 8032
17728 6641
15384 9412
16797 10284
14653 8814
7017 1954
16427 10145
10633 5205
12325 6388
9560 4249
10148 4620
9538 4078
13575 7779
17473 11160
6182 1013
8698 3382
15728 9715
12565 6450
17658 11494
6465 1310
17083 10831
14269 7966
5273 199
15417 9242
16152 9735
16100 9842
5861 703
8065 2746
8615 3125
15569 9529
14951 9072
6167 1058
14429 8434
14191 8162
13673 7488
6664 1432
12081 6156
16092 9764
9637 4076
16650 10565
14370 8486
7551 2248
11498 5676
11645 5914
6227 976
14658 8630
7655 2264
8750 3321
10702 5003
7193 1825
7472 2129
5603 430
16907 10573
15102 8822
9172 3506
5946 714
13486 7523
8178 2722
15508 9411
18255 11251
5985 733
7687 2339
16331 10007
5827 687
7049 1683
8850 3267
14385 8110
6976 1651
17078 10514
5550 370
15352 9228
11733 6015
9473 3771
9520 3813
9915 4105
12980 6950
17161 10218
12869 6844
15636 9209
14980 8845
6690 1296
8011 2415
13734 7710
10175 4372
16231 9853
18095 11649
14765 8325
18453 11851
16857 10547
16570 9916
16023 9606
6788 1409
11314 5434
15429 9264
6248 901
18573 11198
15813 9390
10442 4713
7289 1826
14497 7961
14879 8420
6124 793
8967 3302
19874 12372
15483 9193
12512 6318
8140 2563
14544 8318
16362 10078
10965 5148
6360 918
7665 2102
16747 9997
8912 3288
18833 11811
13635 7290
12374 6377
7543 1999
17726 11109
8884 3146
8398 2754
9823 4065
6281 809
12949 6727
16336 9771
13222 7070
10123 4192
19105 12307
7817 2163
8920 3126
11872 5890
6891 1391
12384 6314
12424 6034
10942 5003
9337 3477
8174 2480
7018 1402
18437 11605
11269 5202
17870 11205
7958 2243
7420 1767
17619 10787
14415 7929
6381 860
10322 4367
7430 1806
9252 3476
14433 7807
18358 11440
11458 5133
9860 3896
12057 5780
12472 6356
17497 10621
11578 5593
13525 7240
18177 11574
12816 6442
5683 196
8736 3037
16533 9652
15557 8714
11159 4891
15886 9394
6335 734
13686 7303
8647 2831
14036 7463
6135 498
19588 12844
10352 4404
14807 8377
9657 3540
9179 3302
7992 2218
12409 6133
11643 5263
20574 13223
16691 9736
7807 2084
10060 3929
17447 10797
8987 3181
15502 9060
12881 6633
6269 676
15278 8385
6283 642
11067 5031
12202 6092
7016 1382
18912 11462
17949 11167
13652 6887
17654 10479
19174 11345
6080 371
11710 5420
16503 9777
11155 5071
7141 1364
9608 3595
12597 6268
11453 5176
8901 2964
14539 8054
19633 12660
8082 2186
11535 5247
6767 978
15404 8979
17571 10491
13060 6691
14547 8060
6603 848
16441 9739
20421 7670
15506 8980
11825 5517
13330 6670
12929 6701
10831 4410
6872 1019
12266 6010
11028 4852
17644 10748
7711 1709
8981 2971
6368 566
8771 2798
15154 8592
17114 10334
13864 7408
16589 9872
17572 10689
7736 1838
16959 10111
12107 5565
6257 466
9180 3150
8699 2638
17875 10738
6996 1146
19510 11823
8560 2455
7309 1440
15043 8327
16950 9982
19534 12170
13332 6810
15872 9016
20673 13273
9879 3733
15704 8713
8895 2801
7182 1196
14433 7773
13079 6553
7599 1609
16994 9891
11380 5090
15239 8248
9516 3278
13101 6556
9727 3523
12860 6096
20483 12843
18452 11315
18161 11205
20431 13015
18951 11274
8172 2072
16731 9720
20109 12833
7970 1939
6454 544
16349 9306
8724 2703
16004 9101
19877 12215
9452 3217
16574 9480
8661 2524
19619 11592
14226 7102
17497 10563
9251 3017
12110 5543
16733 9152
20194 12126
13658 6990
17731 10061
18668 11563
17146 10087
8308 2111
11310 4932
18143 11025
21505 13304
17644 10207
7835 1676
13259 6592
11825 5351
8754 2580
20857 12793
11057 4632
11787 5005
13035 6521
11542 5015
11432 4996
12851 6182
11714 5082
16569 9488
18853 11633
16397 9013
20481 12136
19709 12177
9627 3304
18455 11175
11387 4904
12319 5379
18496 10841
9207 2818
10499 4066
21860 14261
9243 2883
12267 5597
6777 676
19274 12146
20889 13522
17106 9510
13761 6889
9889 3578
12029 5314
12778 5847
7085 949
17996 10885
6749 602
19275 11545
7397 1186
7359 1196
7993 1780
8652 2235
6689 495
19110 11717
7754 1440
18486 10982
18760 11368
17107 9796
9095 2582
9980 3289
10104 3475
22509 8331
12911 6118
8238 1911
16106 9097
22276 14341
7660 1375
10597 4017
7585 1315
21966 14361
17021 9420
20366 12336
17859 10671
10487 3961
10376 3826
17168 9863
20329 12281
11492 4668
11688 4943
12273 5634
7158 908
11622 4884
20843 13201
13343 6399
11683 4972
15062 7981
8710 2258
11484 4616
10158 3527
9120 2624
11467 4658
12602 5824
8930 2394
14216 7216
20973 13222
11629 4741
22252 7856
20582 12714
14580 7230
20503 12844
16407 9185
17314 10015
8391 1993
7412 1070
15633 8516
20843 12926
18969 11146
10624 3958
16092 8952
14759 7678
9027 2531
9117 2490
11310 4569
7847 1340
19157 11471
13652 6435
17172 9696
19940 12050
13378 6310
15741 8224
15974 8690
19318 11707
15467 8291
9276 2601
7971 1444
19444 11872
10565 3684
14986 7957
18781 11344
15439 8193
22205 13861
7867 1407
19976 12137
13669 6344
20793 12612
19458 11369
15675 8037
12661 5546
17276 9304
16362 8914
17519 10086
19275 11497
7526 991
16199 8680
11285 4413
20619 12633
17340 9766
9086 2299
21764 13790
21737 13903
9188 2437
14316 7067
8373 1724
15802 8294
15514 7868
17092 9645
12266 5210
17365 9885
16158 8846
14458 7037
11889 4955
11766 4806
13710 6279
9200 2356
7106 608
11720 4694
18517 11030
18976 11267
10377 3575
8456 1713
9273 2580
13239 6029
7147 535
8734 1976
17688 10148
18202 10587
13745 6342
15024 7694
10062 3128
23786 15263
14061 6655
14557 7196
8511 1785
19686 11507
10765 3747
23240 14276
18954 10702
22923 14581
21695 13311
16055 8518
7609 923
12495 5450
9362 2563
14650 7095
20092 11948
13884 6728
22072 13775
9501 2720
11633 4580
7992 1323
7985 1326
18290 10329
9164 2263
20514 11954
14391 6851
18878 10938
21496 13216
12657 5489
18655 10381
7893 1094
7368 657
13294 5838
22079 13264
8781 1949
12508 5261
18405 10109
19872 11244
7554 811
19575 11432
14343 6923
21926 13555
10077 3122
21602 13498
7036 333
10580 3363
18416 10485
11418 4313
17390 9574
9172 2290
9191 2291
12931 5799
20213 11698
20668 12178
13346 5882
9181 2243
22941 14227
17362 9513
20944 12288
9495 2401
17374 9446
14814 7423
11624 4466
9273 2296
11653 4213
8344 1451
11986 4619
10863 3740
11540 4259
13134 5844
13906 6079
18757 10807
20147 11650
11516 4367
10899 3799
16256 8159
17042 9309
13845 6505
15544 7793
21785 13545
12665 5173
23230 14793
17110 8863
14069 6391
18618 10721
10043 2881
8450 1441
23628 15061
21393 13256
16238 8568
14469 6883
12984 5465
13925 6489
15543 7567
13632 6154
18869 10680
15303 7541
9650 2556
22849 14503
21331 12582
11502 4156
19949 11924
13893 6450
14946 7334
21699 13382
18619 10416
14291 6733
15073 7431
17524 9406
13756 6159
17824 9959
7462 545
7193 202
25179 9298
9603 2375
18513 10266
25179 15999
16904 9085
10989 3668
16234 8415
17580 9060
21508 13045
12812 5310
15296 7318
15010 6913
19192 10987
13769 6231
18030 9811
9780 2505
12984 5426
17581 9402
8674 1622
20644 12472
22167 13395
17607 9522
8828 1607
19457 10991
19502 11207
18697 10665
24289 15287
20918 11899
19942 11544
23114 14525
17522 8855
14966 7196
21504 12968
9240 2014
7330 231
17532 9594
18296 10244
13053 5477
8906 1612
10630 3133
20626 12146
20905 11998
22071 13754
22602 13409
10978 3490
17067 8652
18366 10233
23096 14437
14251 6481
14391 6650
13340 5642
22364 13625
12852 5252
11866 4441
17212 9105
11101 3637
20945 12559
11781 4225
15924 8111
18727 10268
13117 5300
19257 10938
20952 12434
20253 11818
16497 8332
12700 4822
18892 10651
20601 11675
12197 4485
18976 10782
9095 1731
15675 7659
7735 552
10663 3177
17635 9236
16385 8321
21354 12203
15878 7782
11112 3390
22879 13538
23717 14306
20376 11902
10773 3343
23285 14413
17644 9439
8111 865
23536 14791
16434 8414
13306 5616
8945 1570
10684 2996
22381 13778
17330 9133
22580 13475
16648 8339
22814 13845
16558 8277
25757 15763
9596 2076
20072 11215
24482 15618
19916 11445
14912 6831
19557 10724
18357 10166
14427 6347
22016 12658
19550 10940
7784 454
21879 12860
22438 13288
15277 6956
12984 5089
26037 16852
21356 12646
11499 3857
26597 16278
13855 5680
13484 5686
8624 1175
25376 16082
25444 16282
19795 11190
10766 3136
14445 6431
13037 5126
16088 7831
24430 15254
26427 9670
20366 11685
22431 13588
18390 9912
9795 2263
18261 9496
18613 10253
22275 13333
26409 9647
9156 1583
20550 11938
22154 12944
18318 9698
26886 9404
11436 3724
11237 3563
12596 4775
16448 8328
21894 12924
19294 10239
16998 8431
16141 7820
10007 2333
17662 9239
20072 11341
15263 6858
23733 14179
19489 10754
12634 4547
14094 6059
24693 15607
8155 635
21621 12854
16667 8268
22564 13340
8149 620
23000 13583
21329 12413
8082 578
26131 16488
10024 2346
9151 1494
14416 6282
17322 8853
27073 17428
16889 8367
21782 12804
13254 5256
27280 10267
24971 15583
24539 14611
24077 13896
13462 5303
27531 17069
22843 12950
9458 1716
17355 8836
26363 15817
12608 4628
24467 15359
9993 2233
22165 12898
8254 695
21135 11644
19469 10052
16225 7927
22881 13740
14580 6444
16941 8274
9292 1565
20708 11934
21176 12092
7869 264
13685 5299
14130 6019
10524 2710
23929 14596
12062 4105
12017 4069
19237 9987
22284 13165
21432 12455
23423 13684
19535 10487
27389 17759
17004 8304
20933 11825
14614 6241
7913 211
22383 13375
14365 5885
15768 7260
23210 13612
26872 16908
15372 6868
9045 1218
11530 3580
19550 10844
19475 10819
25474 15669
23219 13440
22417 12886
25809 16267
8638 911
23732 14391
14128 5664
10322 2468
12777 4363
19904 10470
18206 9143
15665 6973
16981 8152
10076 2062
14964 6439
17741 8979
23617 14308
16918 8192
8065 271
14233 5814
23010 13734
21860 12609
23666 13960
15339 6930
21920 12687
20332 11078
20936 12002
19666 10734
28076 10198
13583 5264
13656 5411
14119 5604
11015 2868
15861 7304
9891 1898
11774 3613
16244 7623
17828 9094
11387 3248
23899 14047
23879 14337
12916 4595
19647 10581
19400 10436
18174 9030
24504 14629
24824 14835
12460 4171
13441 5206
23568 14228
24591 14910
27224 17183
27798 17702
13217 4877
23922 14462
9088 1133
13640 5271
19559 9970
15409 6934
15717 6959
15158 6645
16836 7796
14093 5451
20176 11095
9616 1599
18254 9441
10648 2577
19339 10421
11933 3661
19654 10690
10534 2429
19832 10497
16721 8031
20272 10914
20996 11875
16471 7670
21927 12694
20021 10908
10791 2644
25425 15805
27498 17062
23063 13435
11632 3386
20438 10851
23404 13786
18431 9581
26670 16853
11631 3255
22373 12466
17023 8054
20395 10715
21674 12344
18205 9349
26733 16880
10772 2514
23105 13762
22246 12908
19257 10042
13577 5081
17022 8063
22394 13070
23229 13645
18892 9760
15161 6464
18707 9642
25951 16155
24122 14223
11135 2802
10625 2300
13735 4942
24253 14522
8810 682
21232 11985
10002 1742
10678 2447
18203 8657
10204 1854
26193 16107
20117 10912
21390 11619
22697 12686
25629 15708
18841 9711
24821 14929
9296 1137
20344 11123
25043 14979
20323 10980
14274 5420
15447 6566
13183 4458
22715 12879
10276 1819
15084 6178
17788 8760
9802 1463
13787 4887
15204 6505
10932 2491
26860 17006
29573 19127
13270 4666
9183 924
19300 10100
23726 13706
24425 14597
25305 15318
18175 8634
24908 14947
29107 18706
28178 17880
25114 15031
13510 4800
22952 13428
22573 12968
18526 9284
19552 10279
18054 9016
10357 2044
12598 3958
29008 18544
15062 6142
14266 5442
19948 10626
23200 13276
25890 15673
25596 15397
14170 5151
27612 17475
26712 16332
18165 8434
16224 7185
18485 9225
27318 17244
26751 16708
27588 17561
18467 9136
8869 560
17970 8873
17870 8539
25883 15262
15223 6325
17803 8549
8746 447
30151 18804
17725 8364
21616 11765
24688 13971
22855 13188
23498 13503
14918 6161
25729 15311
8895 496
23876 13757
20224 10682
26330 15629
10321 1764
20228 10495
13667 4736
18809 9218
19228 9935
9378 955
25061 15067
16981 7800
19443 9930
12492 3749
26696 16471
15098 6109
24084 14032
12105 3333
17820 8527
25925 15837
19574 10245
28437 18173
24356 14364
29490 10523
29409 18223
15547 6509
19486 9713
19250 9660
28819 17793
25621 14866
16455 7335
10683 2053
18214 8816
30310 19866
15828 6310
10993 2361
14787 5671
17353 7544
16730 7309
11734 3052
16427 7213
17122 7805
30549 19569
24994 14759
30615 10964
17502 8009
23523 13488
24365 13975
12592 3724
17877 8562
11332 2602
15487 6413
26954 16780
27168 16451
31005 11939
13524 4634
26734 16414
9896 1290
21622 11253
12367 3568
27432 16701
24872 14666
9561 938
26550 15761
17354 7961
10299 1602
20830 10612
12544 3653
9427 819
21765 11628
26009 15761
19062 9530
16642 7350
24548 14187
14431 5321
19676 10113
13123 4037
19316 9684
24701 14487
11738 2899
29190 18149
27523 16162
20657 10646
14664 5506
20416 10869
9708 1060
18726 9076
20056 10020
14125 4874
27282 16851
16764 7185
10367 1571
25232 15103
29369 17617
15783 6232
16923 7427
14249 4984
19370 9188
23398 13313
29216 18722
23491 12566
9188 504
26760 16556
26412 15372
19451 9629
21938 11868
28308 17153
11937 2888
9213 476
20149 10462
15519 6171
16544 7175
23652 13209
13174 3985
18160 8408
23615 12891
24851 14461
29554 18537
27007 16468
11525 2608
9653 822
11479 2503
20040 10114
15142 5702
13841 4484
18257 8404
15791 6291
10975 1945
16534 6945
12182 3078
26759 16244
16893 7303
22452 12237
13677 4460
14657 5116
27787 17159
16671 7139
26519 16046
20483 10433
19212 9196
21087 11088
20610 10479
27482 16965
15305 5895
12444 3368
18480 8721
29205 17734
23566 13020
16557 7115
28024 16422
20682 10603
31194 20156
19227 9317
13071 3847
22316 11790
10432 1440
16866 7388
26351 15691
11124 2019
11431 2340
21191 11238
19551 9586
24792 14190
12710 3466
21372 11147
11469 2318
25434 14911
23845 12934
30165 19152
30502 19494
12932 3560
13098 3846
23340 12840
21633 11663
25437 15080
25213 14756
14595 4974
12728 3578
23240 12652
24984 14535
12014 2811
25114 13965
31496 19761
13917 4458
24563 13548
21212 10938
18283 8457
11907 2621
24300 13383
21600 11321
17262 7271
14343 4858
23673 13276
24963 14398
15150 5472
12562 3278
26493 15475
24644 13139
20264 9910
23053 12720
28541 17644
14476 4967
17609 7738
13134 3864
30714 19449
31446 19878
19948 9864
16353 6716
31195 19094
10376 1334
22672 11696
20133 9380
30955 19399
27163 16446
23453 12973
11374 2074
12280 2828
17943 8135
31142 19443
29814 18491
12102 2786
11120 1831
29365 18069
15538 5534
31217 19527
17314 7371
11259 2003
14357 4746
10770 1562
16480 6557
32556 20844
12666 3075
9342 251
19437 9413
28944 17798
27916 16763
29391 18164
12095 2743
20528 10262
27225 15891
18987 8703
17563 7630
21008 10675
10835 1461
31354 19892
26792 15785
25813 15137
21740 10809
18223 8323
32193 20622
20362 9899
32847 21407
11226 1896
20388 9954
15863 5895
25780 14551
22830 12161
18709 8552
30910 19772
16779 6781
10129 883
22351 11770
13902 4095
26437 15386
23086 11837
10267 1009
16254 6372
14515 4675
24563 13594
29445 17898
29303 17387
10430 1099
27051 15548
32109 20552
23558 13107
28838 17171
14200 4534
9783 492
20060 9337
31979 20534
25605 14776
20772 10276
12213 2688
29205 17954
20641 9936
29975 18783
10079 759
17421 6963
26957 15473
33351 20385
12189 2644
17594 7623
29719 18255
23510 12981
23358 12827
17062 6687
15242 5340
29935 18093
23091 12322
18934 8858
30698 19182
21012 10655
10453 978
32453 20611
32896 20836
31102 18743
31654 19493
31562 20163
13771 4011
17176 7012
12276 2636
14551 4799
12908 3229
23949 12548
30077 18151
22779 11857
27244 15378
29572 17950
30602 18069
30361 17785
28752 17543
30113 17991
18163 8024
9685 285
20044 9482
14507 4684
29650 18325
14921 4933
25058 14092
20180 9843
33469 21744
11415 1787
19247 8622
30184 18448
25019 13606
13040 3238
9952 456
17758 7523
12277 2612
21165 10573
30767 19406
10563 1028
28800 16921
14536 4516
29433 18232
26564 15467
31815 20109
34001 21776
24215 13144
20882 10177
24533 13405
32218 20404
30079 17934
29211 17001
12250 2526
30991 19267
9749 235
25859 14793
21937 10504
29180 17544
17469 7158
17157 6688
21165 10529
19205 8553
28914 17249
29575 17619
29817 18173
31397 19464
11383 1662
33617 21361
25204 14214
32849 21136
14251 4269
31425 19086
12899 3048
22635 11592
26864 15538
19760 9154
16283 6044
34651 12345
25905 13948
18272 7747
27536 16393
13961 4006
30733 19092
30394 18095
30258 18397
12772 2981
33088 21476
33299 20958
32977 21112
23107 12033
26031 14554
14131 4131
29788 17410
30099 18363
10445 737
18515 8010
28635 17025
26464 15010
29852 17818
27062 15624
30476 18660
14306 3983
20988 10254
28778 16901
34510 13030
31255 18805
28224 16578
10311 676
34881 12469
11576 1761
26975 15205
17221 6713
10888 1145
11753 1888
23234 12213
22805 11606
26159 13889
10915 1123
31328 19672
13345 3127
31439 18665
25062 13790
20826 9859
24348 12932
24175 12719
32153 20283
19207 8556
27964 16198
34586 22206
15435 5114
22924 11377
33429 20360
10437 645
27957 15960
30273 17690
12429 2322
28615 16733
15714 5205
13756 3674
17248 6829
14392 4248
14443 4260
24375 12804
10011 233
34101 21753
15904 5583
30089 18209
22420 11070
20253 9328
14484 3972
29002 17337
35120 22294
27077 15491
30499 18771
27367 15605
14188 3760
21394 10540
29569 17615
32198 20272
20438 9443
16688 6126
30097 17702
29672 17629
33833 21039
14332 4097
34280 21994
22577 11340
10616 693
19237 8364
11906 1821
31065 19199
27303 15845
12942 2789
11146 1115
16019 5556
34867 22343
28197 16483
24438 13021
26080 14483
26974 15496
28491 16744
21539 10370
32845 19735
21256 10114
17632 6949
26635 14655
31072 19050
17577 6620
16893 6256
15561 5012
10989 908
25048 13242
21936 10850
10803 782
34188 20708
15050 4559
22046 10911
28031 15870
33075 20533
30567 18665
15908 5322
20489 9589
20261 9425
24829 13320
22701 11537
29376 17355
20925 9902
27888 15858
