318 155
368 250
291 211
236 114
312 126
290 211
159 115
371 256
195 115
99 81
136 100
262 112
262 107
343 160
355 257
142 102
359 254
207 118
206 116
99 81
245 139
251 145
143 107
185 117
188 125
160 111
324 213
318 236
284 143
284 153
663 443
472 279
449 296
596 385
655 280
462 265
566 363
628 279
554 368
456 282
675 474
540 266
697 302
406 218
683 288
477 292
604 280
630 437
498 305
495 245
516 300
456 247
603 387
541 267
614 370
411 231
619 263
637 275
661 266
660 315
1049 649
866 550
659 336
1101 444
949 429
996 644
847 367
725 432
1067 679
970 601
644 327
946 627
585 280
978 413
715 387
1012 454
1153 723
909 432
1147 506
1041 699
851 537
1023 499
943 360
757 435
840 512
1030 672
964 592
945 550
1122 772
1135 722
1461 652
1226 768
1304 535
1312 835
815 417
977 557
1196 725
739 340
895 447
1260 529
681 264
1350 588
737 341
710 319
1443 588
619 230
1510 644
674 267
1400 610
1537 986
1086 655
824 411
745 353
1130 670
1198 743
915 506
640 225
1347 583
1003 561
1384 636
1887 804
1942 790
1040 514
841 319
1467 898
1151 579
1668 1036
1996 1340
1411 801
499 81
1207 654
1408 849
1305 771
1222 681
969 446
947 434
1790 746
1039 497
984 486
1000 468
1871 1251
1250 704
1045 485
1709 1066
786 299
1236 700
1917 853
1792 741
1579 983
1854 731
2273 1008
1093 443
2413 1096
858 262
1622 966
2138 1346
2097 1363
1516 830
1799 1103
1033 421
1977 1262
1722 1017
998 385
2179 853
1395 701
1271 581
2076 855
1424 760
1560 889
1088 446
2168 924
816 233
1226 535
1951 1222
2126 799
963 374
827 223
976 342
871 274
2411 1601
1190 461
2372 1466
2764 1844
2644 1060
2062 1224
2657 1725
1955 1054
2826 1199
2794 1208
2590 1703
2437 1454
1195 443
1671 906
2601 1693
1863 1005
1987 1149
1712 952
2134 1331
2584 1016
2739 1839
1469 687
1058 357
1405 658
2535 1691
2070 1159
1286 541
2543 1019
1528 795
2240 1403
2039 1170
2176 1208
1841 962
1185 364
1869 989
1801 937
2991 1218
1351 532
2178 1258
3156 2009
3245 2100
3241 1426
1986 976
1365 543
2908 1162
2573 1607
1955 957
2919 1742
3151 1254
1228 411
2571 1623
3091 1950
2235 1340
3296 2008
2639 1550
2321 1307
2849 1857
2567 1582
1495 655
2216 1293
2548 1612
1473 526
2531 1501
2759 1608
1989 1034
1493 542
2801 1572
3359 2136
1650 719
2113 1091
2450 1420
3183 1935
2864 1685
1329 417
1488 547
1905 899
1717 784
2481 1312
1717 754
3088 1956
2864 1796
2233 1186
2341 1297
3442 2222
1418 491
2106 1127
3397 1345
3689 2399
1187 269
3336 2004
3437 2249
2051 932
1370 373
3951 2524
1406 392
4021 2567
1654 621
3345 1994
3801 2507
3664 2301
3691 2396
2398 1257
1433 385
3688 2411
1384 368
2091 1000
3881 1487
3949 2490
2159 1055
2625 1469
1579 521
2214 1063
2444 1332
2320 1197
3412 2010
2520 1308
1300 262
1771 642
2159 1059
2197 1061
2804 1648
3735 2345
3001 1650
3207 1879
2223 1023
2839 1553
2661 1310
2053 870
4098 2643
1994 803
4381 2862
3467 2075
3640 2212
4351 2931
4557 1912
2568 1282
4402 1763
3118 1808
3602 2140
1545 424
3798 2198
2979 1685
2534 1280
1392 294
1419 306
4354 2906
4575 1815
1819 658
3238 1784
3944 2513
3107 1692
4213 2631
1735 464
4488 2785
1967 721
1679 451
3016 1538
2731 1321
1665 447
2861 1438
4261 2605
2799 1470
4154 2623
3872 2327
2165 902
3435 2005
4843 1927
4643 2841
3176 1608
2545 1137
2500 1066
3769 2076
4154 2569
3436 2004
2244 937
1531 336
2981 1573
4448 2563
2336 998
4468 2785
4797 1931
1534 250
4233 2404
4429 2795
2161 801
1672 385
4556 2711
2983 1452
2683 1280
2466 1040
4408 2791
3426 1910
3525 1990
3932 2193
3040 1500
4263 2563
4506 2740
2545 1147
3206 1657
2237 869
3024 1466
5227 3447
5072 2054
4533 2860
2338 968
4819 3005
3568 2088
1716 416
2126 824
5410 2077
1571 269
4011 2348
3067 1458
1728 335
4597 2753
3756 2040
3435 1824
5446 3367
1734 330
4012 2124
4312 2431
5764 3604
2614 1087
3144 1607
5850 2196
3353 1700
2117 660
5171 3252
1634 249
3687 1989
4372 2604
4747 2877
3979 2210
5690 2222
1853 429
5566 3681
2647 1059
4760 2932
2904 1301
5863 2223
1914 513
4610 2706
4817 2687
3979 2175
2158 556
4982 2922
3056 1381
4887 3013
3114 1435
2605 991
2365 815
5008 3001
4316 2449
3258 1584
2277 754
5168 2956
5856 3766
3091 1433
4206 2266
2379 787
4344 2537
5044 3046
4774 2862
2920 1280
2459 894
3851 1945
1746 271
2626 1034
4436 2625
3936 2195
2537 949
2626 907
6678 4138
5558 3207
6784 4165
5991 3805
6495 4132
5815 3626
3439 1652
2912 1205
2649 940
2898 1177
5451 3246
6537 4131
4911 2850
4682 2593
4768 2768
5954 3737
4244 2170
2081 436
2666 898
4728 2498
3887 2039
1852 246
4190 2344
2343 703
6013 3773
5881 3701
6396 3882
2693 1006
4180 2324
3162 1288
6675 4323
5262 3075
3743 1809
6835 4486
6221 3652
2723 927
6474 3940
4503 2244
4785 2633
3471 1545
6491 4145
4259 2236
1933 236
4826 2712
5736 3526
4856 2739
4971 2887
2331 583
2176 472
5454 2978
3541 1651
6870 4306
2492 711
3741 1800
6632 3945
3633 1671
6464 4032
3210 1334
3635 1707
7537 3047
4697 2438
3496 1546
6936 4425
6956 4295
2399 586
6190 3716
4662 2471
4294 2220
7310 4747
4591 2332
7473 4752
2498 621
3955 1909
5111 2711
7402 4938
6499 4079
4781 2611
2819 944
5040 2831
5267 2982
5613 3115
3543 1583
5382 3176
6577 4220
3697 1685
6521 4067
3135 1235
3900 1809
4263 2112
2167 263
7760 4851
6805 4050
3076 1052
6032 3406
2611 646
2878 862
6386 3853
4084 1956
3426 1398
2251 334
7424 4421
6559 4028
6298 3794
7092 4524
5276 2870
2153 274
7501 4691
2331 389
3289 1243
5774 3284
7346 4607
4614 2177
5083 2724
6392 3556
3784 1644
4017 1896
7603 3226
6315 3737
7161 4276
7104 4370
2789 695
3889 1652
2537 493
8020 3300
7743 4921
4591 2306
3657 1434
3498 1365
5031 2678
4381 2126
2874 806
7389 4597
3058 973
5318 2782
8290 5121
3881 1672
6645 4023
2242 230
4346 1935
7076 4025
6476 3953
4626 2368
5929 3257
6523 3924
5967 3293
7297 4505
4598 2257
6490 3819
3225 1123
3901 1435
5856 3232
3839 1617
5602 3075
2929 780
2300 206
8513 5550
3215 1046
4866 2405
7539 4678
2348 255
6754 3898
8778 3499
5961 3415
5515 2934
8100 5106
8591 5674
2396 298
5509 2968
5276 2769
8516 3197
4054 1703
3690 1418
2996 787
3296 1085
6504 3776
6988 3940
5450 2860
6996 3912
3969 1559
4502 2068
3330 1059
2680 441
6351 3490
6002 3243
9206 5992
6770 3905
6961 4143
6493 3560
5464 2639
4735 2244
3390 1061
3208 909
6273 3514
8927 5379
5164 2618
7822 4855
2428 225
6800 3693
8672 5368
5902 3175
3736 1398
6813 3742
8652 3386
3128 818
4035 1540
2414 230
4922 2187
8706 3532
5281 2680
8606 5518
4730 2162
9751 3640
9558 3878
5624 2727
2981 634
4362 1687
3267 906
6611 3663
9408 5969
3412 1017
6228 3414
7678 4525
8148 5080
4686 2090
4431 1876
3031 669
6616 3754
3182 815
2985 657
6366 3604
9010 5505
2975 639
8171 4887
7283 4162
8339 5051
3604 1185
4304 1784
8597 4886
5687 2921
5390 2642
5257 2440
6888 3790
7286 4300
8358 5169
5820 3019
3838 1289
4737 2035
3326 863
7359 4344
4066 1513
4581 1840
3686 1135
7609 4535
8285 5064
9449 5813
7581 4093
5180 2406
3859 1220
2601 220
3735 1205
5738 2810
5969 2767
4433 1848
4412 1663
5992 3156
5516 2641
4856 2121
3216 767
5230 2380
5527 2531
8058 4784
3853 1261
10356 6731
4776 1956
7652 4429
5425 2533
4868 2108
2764 261
8135 4878
5615 2538
10114 4050
8235 4918
9713 6065
2962 445
6268 3359
3508 939
6110 3140
10124 6294
6313 3205
10375 4158
8244 4571
5163 2319
3189 657
6313 3081
5804 2804
3608 987
3236 687
8023 4624
4688 1899
5519 2481
3272 593
6904 3717
7525 4109
9625 5934
10433 4097
10129 6208
8539 4824
5643 2666
8565 5111
5256 2109
6155 3068
9450 5940
10469 6668
10389 6730
4816 1903
10454 6424
8497 5042
7649 4331
4416 1591
8736 5091
4173 1417
5779 2694
2891 308
2986 378
6521 3449
7402 4167
7212 3822
5106 2245
6047 3031
3478 747
6779 3304
7041 3798
6858 3599
6307 2994
9163 5618
9589 5651
6497 3320
3953 1117
9570 5713
5294 2288
5433 2404
4730 1831
5791 2616
11921 7591
10337 6524
9296 5628
6834 3587
8607 4974
4500 1625
3466 734
3811 1028
2910 229
10130 6234
7567 4195
3892 1064
4993 1968
10987 6974
8177 4620
9320 5705
10663 6579
6367 3126
10956 6948
7256 3638
3478 654
4832 1809
3235 447
6105 2918
4077 1165
3088 294
4317 1306
8182 4535
6347 2869
6448 3132
3425 596
10750 6760
5349 2145
3164 362
4826 1748
5846 2601
8805 5196
6316 2831
6180 2912
8306 4739
10815 6873
5319 2215
8242 4661
6370 3004
11655 4469
11352 6677
7870 4092
5048 1758
4285 1271
9216 5513
11010 6967
5218 2035
3929 929
4469 1430
8887 5129
12236 5037
12345 7374
7970 4047
10328 6124
7391 3612
9826 5994
3129 236
7870 4194
5576 2223
3736 762
4155 1106
10974 6667
8960 5245
10585 6357
7045 3385
4291 1242
5617 2325
3346 432
3656 644
5505 2299
11480 4452
8707 4925
4175 1045
6960 3388
4093 1008
12391 7708
9212 5252
9034 4856
9489 5071
13246 7945
5863 2513
3627 566
10646 6076
6757 3108
10107 6242
4329 1219
7996 3840
6039 2491
11464 6879
4593 1446
4147 1047
7581 3935
4439 1253
9978 5713
11836 7201
12358 7810
11387 6853
11415 6835
3779 704
8646 4874
9911 5968
6959 3255
6427 2829
4771 1520
3953 754
6019 2605
5115 1820
5338 1924
10789 6419
8666 4352
5905 2400
6870 3085
7830 4103
7434 3803
4207 1002
8667 4573
13346 8021
3381 271
8726 4429
9417 5105
10224 5644
8789 4946
5762 2370
9595 5358
9201 5313
6088 2554
11340 6825
4311 1121
10521 6301
4592 1318
5250 1900
3700 472
12196 7133
9583 5435
8089 4114
8332 4453
8848 4888
9174 5128
5730 2056
4200 914
9554 5511
7246 3496
7235 3494
10285 6119
9024 4581
6620 3037
9442 5383
5929 2415
3999 754
4663 1226
5271 1852
8740 4701
7725 3864
10186 6001
9814 5460
8677 4669
10520 6032
9668 5364
11727 7131
3692 469
13344 8401
12069 7323
13368 8674
3755 454
9930 5675
14106 6027
11683 7155
11435 6968
8855 4748
12512 7706
13603 5374
9362 4911
13020 8338
5604 2051
11276 6777
5340 1705
8411 4203
7805 3861
6895 3019
7058 3285
11615 6827
4621 1204
12945 8229
11094 6747
12390 7192
13547 8385
4924 1439
7021 3201
4645 1189
6437 2787
4766 1267
10859 6285
5629 2002
9217 4595
14513 5314
11696 6667
9834 5232
3864 429
8860 4738
6632 2765
9198 4582
5748 2081
9348 4805
13895 8629
6717 2658
10817 6088
8780 4541
8437 3901
14304 5757
4831 1330
14093 8277
5009 1380
5332 1740
5847 2038
10664 6237
7671 3780
7772 3688
3916 453
6029 2316
7500 3297
13324 8524
7853 3553
6909 2771
6107 2303
9049 4265
11795 7096
7017 2976
13761 8632
12971 8068
7355 3396
5552 1764
11700 6669
13217 8174
4688 1063
7186 3245
10325 5972
11543 6880
11745 6862
5768 1843
9221 4660
9872 5383
5672 1896
9449 5178
8337 3885
10789 6118
11519 6400
12206 7383
12059 7198
12529 7689
11195 6469
5786 1847
8588 3986
13873 8653
4386 710
11721 6878
10550 5796
6901 2652
5665 1729
13064 8238
9857 5429
11526 6780
14265 9199
14298 8488
8862 4447
12851 7897
5424 1526
6032 2187
6915 2843
9969 5527
10080 5683
9071 4493
11519 6107
15049 9380
10981 6083
6408 2401
14921 8835
8738 4489
12697 7309
5540 1629
4035 388
11580 6570
6857 2585
10099 5472
9472 5005
11254 6321
5233 1366
14590 9015
5747 1806
13973 8714
9455 4691
7728 3351
5121 1257
14422 8871
11340 6508
13246 7853
9540 4625
6604 2557
6440 2362
9450 4597
9619 5144
10170 5377
14380 8946
13235 8221
4551 786
10769 5989
10293 5259
9713 5026
5971 1935
4418 629
9706 5210
4994 1106
15470 9059
13831 8339
5778 1701
15811 9602
14261 8649
10603 5553
14590 8952
7447 3086
9647 5040
6645 2446
13099 7568
10180 5089
15618 9201
11362 6496
9485 4827
13125 7411
13778 8697
4454 640
10342 5644
9761 5081
15455 9865
8600 4145
6656 2555
4303 492
15757 9276
10824 5624
7313 2795
11587 6587
14679 9105
10203 5456
8512 4106
16850 9593
16404 6422
10825 5855
4287 387
11754 6384
15424 9842
15982 6590
5782 1716
15762 9710
15010 9240
6427 2238
13004 7276
4560 598
4750 793
6324 2166
13584 7544
8541 4040
12481 7412
5314 1253
11361 5705
15999 9883
11620 6511
4665 703
4413 479
13161 7124
11852 6603
5539 1532
8559 3871
7192 2762
10821 5564
13666 8122
10419 5458
14365 8871
9495 4536
10857 5945
16760 10072
13491 7444
9928 5158
11555 6216
13515 7277
9697 4834
15632 9597
6328 2017
17013 7287
15512 9245
6339 2104
12119 6861
4489 460
13009 7623
14645 9109
12301 6734
6233 1843
4272 285
14981 9198
14476 8865
16527 10563
6933 2541
12416 6725
12491 6924
5951 1662
13640 8113
14092 8264
17400 10515
7500 2952
9834 5054
6614 2247
9959 5083
8063 3307
13077 7467
17347 7090
8294 3516
8834 3961
5619 1344
9502 4532
9428 4531
8065 3212
8826 3661
9060 4295
9158 4413
14216 8631
17456 10410
14239 8635
4851 730
16130 10139
12468 7249
12224 6614
4418 321
17587 6491
14311 8504
15276 9249
8014 3388
7732 3100
13122 7414
6276 1893
9621 4783
11491 6140
5014 753
13649 7635
7377 2655
6483 1859
15638 9440
16207 10030
6220 1836
14423 8130
10674 5591
5160 887
7686 2967
8868 4078
5308 985
14274 8118
7932 3208
14112 8520
6498 2021
7745 2899
13676 8013
12354 6785
5788 1370
9989 5024
5445 1166
11734 5839
9866 4661
14900 8949
5165 772
10622 5467
5786 1349
8004 3311
10614 5429
6704 2146
15579 9435
4799 497
7147 2247
9977 4932
14279 8484
12621 6896
14507 8604
17170 10622
14999 8887
4840 494
6063 1477
8857 3771
8845 3751
8225 3232
14248 8021
7715 2764
17120 10458
6151 1551
11102 5486
16940 10292
15645 9547
17059 10672
12415 6470
15967 9753
11957 6337
14733 8785
12618 7068
9822 4233
10040 4634
10760 5523
9592 4139
15051 8337
5132 673
17463 10880
16160 9987
5915 1391
13098 6786
5832 1265
6875 2101
7011 2349
6225 1638
16738 9980
9178 3977
16658 10325
13302 7655
6781 2091
7717 2661
11730 6277
13060 7397
6856 2140
4660 245
15314 9068
7133 2243
17532 11160
18978 12091
13420 6887
12139 6371
8695 3672
18696 11571
15562 9356
17408 10944
5181 598
6599 1877
14583 8404
12280 6661
12557 6989
10107 4755
18515 11759
5637 949
17848 11368
6980 2180
15707 9312
5567 959
8897 3787
9322 4195
17642 11120
7693 2771
6999 2070
6018 1241
13707 7845
8386 3261
17405 9806
18785 11709
19002 11275
13496 7707
7174 2241
6333 1525
12159 6374
9844 4516
11526 5725
5104 495
5823 1075
5234 591
16098 9130
12084 6139
8768 3435
5072 459
5851 1033
18318 11334
8844 3486
17488 10616
9935 4288
4916 298
5213 582
17628 10698
15136 8802
17616 10650
5706 1018
18466 11794
7165 2304
13120 7164
6404 1505
6752 1829
13869 7754
14662 8123
15351 8912
6348 1483
6369 1530
11017 5395
16485 9837
6768 1869
6501 1657
12768 6920
16116 9694
7813 2699
13976 7324
14524 8137
19865 11449
12709 6917
17016 10617
19606 12293
18227 10996
5409 656
10651 5155
6061 1226
12162 5952
17676 10901
16568 9869
13593 7167
9321 4010
10358 4705
19285 12285
9009 3367
13636 7202
15967 8778
13781 7537
9287 3781
8861 3539
16400 9464
19643 12561
14765 8034
16670 9694
11389 5696
11742 5933
14627 7945
10855 5068
5535 659
16839 10026
16168 9480
15742 9475
13846 7238
16877 10197
10983 4960
6625 1650
13580 7399
13349 7362
8280 2924
16224 9642
17985 10979
10772 4868
15412 8732
15507 8716
9460 3781
6695 1622
12090 5950
10360 4825
20706 11973
14925 8626
5538 568
10212 4316
12517 6460
5262 355
10478 4850
6679 1618
8708 3158
17672 10560
19956 12538
5793 828
5608 656
17198 10534
13420 7016
12850 6256
9436 3837
14729 8399
12833 6483
13037 6882
15607 8999
6272 1249
8391 3049
6045 1024
5265 360
7989 2575
18820 10968
14353 7538
11269 5361
11829 5474
6260 1077
20019 12564
7880 2453
6773 1512
9756 3826
16972 9795
9072 3436
18990 11529
5397 361
18466 10922
13620 7400
14830 7660
15908 9246
21883 8939
17437 10645
19764 11665
16767 9845
7458 2173
19822 11581
11964 5868
14157 7354
10651 4881
11699 5501
10272 4490
16158 9198
20295 12759
6479 1232
9614 3919
18245 11313
14409 7661
21131 13699
6783 1463
19283 11983
16711 9568
5300 211
17872 10770
18250 10482
18890 11500
5978 807
8691 2996
9561 3642
17626 10597
16946 10224
6461 1204
16037 9142
16802 9926
15543 8536
6890 1559
13562 6927
19175 11114
10591 4564
19334 11923
17494 10590
7885 2450
13152 6841
13072 6697
6425 1155
17137 9692
8171 2529
9439 3671
12040 5762
7486 2027
8124 2540
5749 502
20455 12701
17506 9976
10378 4304
6072 810
15852 8768
8752 2982
18289 10636
22001 13109
6084 822
8233 2571
18985 11223
6245 960
7282 1912
9741 3786
16156 9141
7207 1799
19632 11855
5621 419
18034 10651
13162 6822
10480 4352
10552 4362
11317 5113
14984 8263
20156 11731
14993 7984
18645 11096
17186 9661
6919 1385
8465 2708
16213 9416
11530 5229
18212 10841
21231 13241
16962 9835
22113 13449
19764 12161
18600 11118
18184 10734
7173 1704
12245 5801
17822 10077
6483 1096
22456 13042
18511 10865
11032 4858
7767 2150
17529 9478
17391 9998
6251 866
9988 3837
24445 14551
18746 10934
14619 7563
8884 3024
17736 9913
18639 11017
12187 5834
6539 1059
8145 2361
19917 11958
9990 3987
22037 13400
15878 8928
14269 7660
8007 2313
20613 12847
9642 3566
8944 3076
10701 4526
6521 978
14548 7855
19363 11532
14824 8050
11016 4682
21847 13804
8615 2516
9710 3691
13013 6409
7207 1656
14328 7630
14457 7118
12189 5679
10284 4120
8712 2816
7494 1663
21948 12815
12745 6023
20857 12786
8356 2471
7698 1874
20928 12764
16676 8648
6547 983
11614 4800
7855 2176
10091 3790
16274 8728
21672 13435
13129 5959
10801 4556
13388 6398
14181 7406
20687 12212
13104 6564
15471 8404
21228 13304
14312 7466
5702 216
9398 3399
19243 11194
17748 9996
12430 5688
18743 11312
6519 857
15322 8395
9155 3179
16015 8678
6266 601
23042 14471
11337 4965
16886 9113
10769 4168
9800 3591
8531 2533
13910 6848
13110 6100
24961 15547
19032 10869
8365 2477
11053 4526
20482 12108
9480 3396
18024 10347
14764 7883
6403 745
18058 9741
6438 738
12529 5943
13933 7234
7251 1514
22676 13825
21249 13290
14815 7749
20158 11813
22597 12882
6140 407
12845 5987
19392 11675
12422 5939
7543 1720
10836 4379
13969 7103
12904 5983
9749 3509
16349 8783
22499 14106
8621 2573
12875 5902
6841 1062
17752 10234
20702 12041
15063 7947
16821 9186
6768 965
18680 11001
23683 9464
17799 10417
13100 6324
15168 7535
14646 7492
12049 5211
7159 1230
14604 7288
12509 5798
21075 12818
8096 1872
9714 3529
6472 647
9594 3232
17491 9968
20663 12683
15614 8332
19002 11149
20085 11948
8190 2134
19157 11214
13606 6307
6358 549
9878 3594
9363 3054
20312 11997
7226 1309
23246 13571
9190 2796
7622 1634
17293 9798
18992 11214
23342 14214
15615 8223
18057 10019
24711 15444
11080 4240
18166 9953
9709 3359
7436 1331
16631 9099
14922 7675
8028 1874
19318 11021
12913 6073
17349 9259
10341 3751
14945 7774
10585 4025
14578 6781
25388 15845
21955 13620
21169 12544
24700 14582
21780 13340
8707 2479
18990 10833
23516 14321
8321 2110
6587 655
18675 10317
9461 3168
18699 10814
22768 13713
10012 3582
18953 10791
9184 2838
23802 13577
16066 8103
20256 12293
10203 3631
14018 6614
18840 10251
24091 13933
15450 7667
20293 11423
21283 12343
19664 11476
8805 2363
12402 5520
20964 12604
25198 15246
20597 11423
8156 1917
14773 7492
13400 6481
9665 3265
24478 14872
12223 5268
13218 5741
14453 7318
13167 6135
12867 5865
14542 7221
13465 5687
18917 10794
21795 13178
19104 10405
24354 14055
23242 14239
10545 3771
21366 12628
12355 5401
13692 6114
21327 12125
10103 3245
11592 4523
25946 16314
10067 3179
13870 6552
6885 766
22494 13873
24340 15458
19741 10859
15581 7907
10993 4091
13482 6343
14372 6581
7207 982
21307 12693
6870 676
22122 13035
7706 1340
7688 1453
8248 1897
9149 2543
6774 537
22425 13682
8173 1617
21282 12253
22139 13472
19937 11052
9827 2988
10522 3661
11176 4291
26572 10602
14391 7041
8579 2100
18434 10368
26742 15599
7921 1516
11851 4546
7805 1424
25331 15959
20183 10836
24420 14812
20391 12037
11662 4742
11387 4454
20165 11372
24009 14060
12671 5301
13081 5665
14011 6743
7286 980
13086 5681
24072 15045
15230 7648
13084 5827
17044 9112
9276 2626
12689 5281
11045 4044
9823 3105
12959 5255
14015 6695
9483 2728
16078 8172
23607 14557
12840 5329
26699 10555
24568 14718
16547 8494
24746 15516
19122 10806
20918 12435
8923 2341
7562 1162
17762 9450
25806 15933
22228 13487
11493 4268
18824 10521
17258 9330
9791 2980
9779 2890
12380 5172
8132 1476
22494 13104
15348 7450
20126 11328
22758 13506
15289 7126
18841 9488
18274 9932
22159 13370
17549 9634
9962 2938
8243 1678
22663 13734
11483 4137
18557 9468
20740 12160
17587 9362
25671 15400
8182 1579
23204 13923
14999 7073
24135 14300
23214 14064
17985 9193
14130 6293
20347 10703
18875 10162
21362 12496
22428 13216
7740 1102
18917 10323
12189 4918
23811 14404
19382 10772
9601 2617
24895 15430
25942 15730
9624 2755
16153 8045
8633 1900
17609 9173
17330 9083
19619 11033
14115 6377
20113 11512
18630 10162
16147 7963
13239 5861
13164 5512
15705 7295
9714 2631
7195 633
12753 5322
21049 12339
21838 12889
11171 3961
9023 2009
10141 3022
14989 6999
7244 559
9273 2302
20664 11966
20211 11659
15691 7400
17192 8761
10880 3400
28036 17564
17001 7896
16243 8279
8955 2049
22620 12854
11384 4079
27313 16255
21031 12146
28357 16958
25867 15436
19200 9724
7753 1006
13929 6324
10097 3036
16713 8262
24176 14793
15342 7517
26990 16470
10205 3208
13367 5761
8204 1400
8274 1404
20549 11369
9686 2618
23940 13665
16064 7524
22329 12792
26290 15429
13784 6079
20862 11606
8242 1392
7389 641
14407 6611
25499 15056
9437 2358
13793 6094
21246 11392
23307 12984
7700 898
22742 13086
16392 8122
25861 15668
10854 3550
25765 16190
7053 338
11339 3740
21627 12308
12184 4769
19665 10654
9525 2511
9585 2507
14608 6865
23464 13047
24233 14030
14708 6645
9502 2389
26177 15979
20459 11637
24186 13987
10177 2750
20156 10978
16528 8161
12559 5010
9852 2705
12848 4746
8695 1701
12913 5094
11790 4266
12648 4854
14875 6979
15907 7181
22495 13002
23487 13913
12771 5059
11826 4369
18809 9454
19608 10449
16248 7841
17578 9024
25157 15140
14167 5980
27396 17374
19391 10041
16020 7306
21526 12448
10653 3117
8743 1598
27363 17114
24674 15208
18933 10289
15760 7588
14302 6212
15423 7259
17197 8690
15059 6993
21968 12781
17532 8638
10321 2924
27686 17478
26116 14823
13085 5099
23528 13464
15760 7457
16749 8423
24397 14646
21544 11905
15821 7621
17695 9304
20288 10769
14790 6746
20493 11625
7503 536
7215 222
28469 11406
10122 2679
20962 11713
29212 18064
19135 10215
11812 4077
18503 9726
19544 10207
25729 14909
14384 6099
17662 8507
17275 8613
22222 12588
15251 7056
20832 11312
10301 2866
14497 6233
20471 11054
9079 1755
24628 14961
25460 14983
20024 10989
9293 1844
21951 12118
22888 12943
20732 11442
29089 17609
23534 13327
22692 12739
27834 16762
19547 9966
16965 8563
25249 14842
9694 2195
7336 249
20084 11000
21625 11907
14261 6132
9112 1694
11646 3613
24445 13582
24202 14255
26064 16354
25690 15052
11874 4138
19598 9817
20666 11403
26538 16446
15875 7294
16235 7330
14479 6277
25981 15805
14742 6636
13023 5214
19412 10466
11763 4029
23733 13829
12818 4911
18018 9250
21371 11509
14995 6550
22586 12938
23480 14071
24830 14025
18303 9259
13585 5264
21898 12097
23736 13679
13336 5046
21216 11782
9567 2013
17103 8448
7934 695
11369 3561
20023 10310
17667 8809
26457 14674
17891 8939
11663 3705
27040 15547
27640 16283
23248 13724
11555 3825
28115 17350
20250 10720
8269 1005
26698 16346
18720 9904
14581 6334
9282 1777
11386 3289
25604 15312
20052 10392
26189 15468
20148 9743
27098 16370
18683 9434
29485 17423
10107 2260
23141 12900
28952 18284
22878 13056
16610 7782
23178 12936
20687 11499
16060 7173
24853 14403
22390 12272
7848 542
25598 14363
25816 15717
16981 7792
14505 5682
31956 20156
24880 14826
12597 4556
32138 18725
15067 6605
14649 6353
8922 1359
29063 17916
29022 18078
23509 12937
11240 3358
15885 7294
14273 5739
18788 9307
27749 17306
30672 12165
23427 13324
25912 15720
21280 11546
10349 2630
20545 11008
21635 12238
25325 15033
30401 12011
9504 1810
23461 13698
25746 14705
20731 10880
33011 12188
12410 4241
12190 4036
13471 5183
18832 9695
25071 14833
22359 11767
18840 9786
17933 8734
10582 2699
20439 10937
22836 12843
17509 7809
27829 16309
23253 13098
14358 5388
15554 6825
28763 17632
8370 783
25286 15101
19250 9812
26320 14960
8283 692
26587 15375
25254 14707
8202 630
31017 18872
10450 2544
9307 1599
16060 7163
20329 10690
32475 20345
19131 9400
25264 14727
14589 6014
32557 13218
29320 17973
28237 16485
29145 16215
14601 5922
33064 19824
26559 14978
9948 1952
19653 9939
30942 18171
13856 5424
28534 17722
10464 2435
25772 14742
8386 787
24090 13409
21489 10707
18175 9104
26428 15953
15910 6966
18589 9196
9729 1809
24115 13500
24921 14008
7936 315
15343 5902
16174 6941
11219 3069
29033 16970
12883 4395
12992 4644
22624 11539
25650 14753
25176 14213
27253 15638
22182 12317
33068 20634
19838 10060
24569 13430
16730 7638
7954 244
26397 15842
16457 7214
18423 8357
26810 15657
31794 20151
17289 7983
9286 1368
12165 3891
22209 12432
22487 12077
30061 18149
27308 15262
25606 14702
31229 19196
8922 1116
27922 16718
15648 6497
10808 2733
13854 4839
22774 11806
20936 10630
17621 7895
19424 9528
10665 2382
17029 7822
20240 10130
27204 15983
19191 9452
8103 291
16092 6894
26586 15872
26255 14926
28233 16389
17521 8162
25170 14098
23392 12818
24571 14173
22315 12122
32557 12974
14910 6213
14911 6134
15754 6471
11937 3401
17571 8037
10193 2144
12557 3972
18081 8585
20011 10145
12144 3731
26917 15725
27850 16691
13920 5150
23426 12128
22868 12747
20715 10513
28997 16917
28993 17639
13717 4911
15014 6034
27837 16831
28287 17085
32079 19435
32501 20075
14718 5856
27495 16207
9348 1322
15096 5950
22959 11550
17257 7946
17526 7953
16943 7824
18979 8911
15392 6135
23730 12602
9955 1824
21145 11169
11248 2959
22120 12095
12727 4168
22497 12395
10961 2714
23105 12635
19189 9522
23159 12254
24566 13423
18642 8718
26153 14764
21917 11323
11216 2898
29873 18502
33331 19862
27560 16582
12271 3747
23247 12671
27977 16580
20357 10610
31155 19309
12494 3845
25810 13996
19225 9362
24911 12617
25266 13964
20910 10992
31490 19258
11423 2795
27030 15622
26448 15144
22158 11788
14839 5904
18761 9009
25335 14751
25684 15093
21070 10922
17172 7771
21709 11432
30089 18594
27825 16679
11974 3318
11343 2730
15167 5627
27967 16519
9028 805
25348 14355
10341 1930
11389 2895
20428 9847
10706 2157
31382 19357
22965 12696
25124 13943
26454 14521
30847 18919
21391 11291
29406 17692
9571 1340
23279 12890
29087 17639
24439 13273
15710 6011
17408 7343
14583 5158
25592 14261
10745 2014
17087 7300
20116 9954
10220 1689
14935 5423
17172 7712
11387 2775
31554 19756
34686 22187
14309 5244
9318 1003
22530 12153
28042 15773
30142 17230
29651 17347
20073 9934
28581 17121
33350 21075
33309 20784
30238 18461
14661 5379
26494 15460
26266 15409
21499 11072
22028 11858
20276 10128
10758 2273
13518 4530
34358 21378
16758 7214
15671 6078
22725 12253
25906 15086
30460 18342
31571 18025
15064 5649
32262 20154
30334 18460
20776 10370
18065 8227
20808 10554
33229 20396
30734 18697
33456 20613
21018 10435
8972 644
20076 9941
19748 9897
32284 17945
16958 7458
20595 10235
8821 492
35210 21227
20014 9575
25588 14009
29307 15941
26279 14997
27228 15440
16210 6890
31271 17860
9007 567
29167 17629
23762 12844
30646 17760
10885 2148
23321 11839
15078 5588
21069 10558
22952 12306
9581 1050
29654 17604
19322 8978
22704 12143
13484 4209
32238 18901
16510 6953
27431 15950
12781 3709
19952 9736
30088 17709
22303 11970
33066 20788
29217 17071
35248 14168
34449 20571
17094 7232
21798 10940
21829 10764
35584 20439
30008 17068
18739 8702
11240 2419
20342 10037
36498 23334
17666 7182
11536 2678
16325 6497
19699 8716
19061 8623
12501 3451
18477 8590
19440 8996
35518 21839
29212 17032
36484 13809
19591 9016
27204 15751
28182 16265
13345 4142
19703 9561
12159 2978
17746 7881
31334 19075
31947 19351
35722 14153
14604 5202
31384 18193
10363 1530
25167 13006
13281 4089
32201 19567
28871 16777
9773 1031
31402 18160
19618 9199
10538 1806
24753 12220
13129 3880
9569 930
25958 13909
29179 17595
22396 11547
18881 8490
28759 16177
16043 6460
21953 11452
14510 4692
22119 11280
29233 17205
12270 3179
35558 20963
31780 18528
24008 12171
15793 6027
23460 12589
10006 1285
21351 10630
22819 11411
15454 5507
31842 19039
18716 7937
10685 1791
29052 17361
34887 20404
17699 7274
18993 8186
15747 5743
22409 10547
26949 15530
35435 22358
26432 14515
9266 543
30385 18484
31106 17436
22004 10902
25574 13629
33471 19816
12459 3179
9264 506
23026 12295
16556 6717
18761 8638
28569 15146
14303 4612
20815 9705
27859 14780
28183 15871
34528 21069
33089 19455
12345 3012
9839 920
12119 2920
22975 11635
16630 6621
15015 5218
20939 10141
17443 7271
11659 2348
18680 8395
12856 3473
30819 18629
19122 8636
25107 13716
14834 5128
15954 5648
32177 19642
18501 8168
31223 17930
22810 11802
21584 10282
23970 12849
23929 11906
31512 19327
16879 6578
13252 3788
20636 9987
34697 20459
27298 14839
17946 7837
33563 19200
24439 12782
37132 23612
21545 10681
14126 4472
25826 13459
10768 1702
19268 8904
31315 18736
11553 2279
11974 2675
23852 12778
22348 11304
29821 17706
13597 4071
24727 12730
11800 2547
29058 16985
28087 14840
35730 21557
35390 22154
13744 4029
13882 4230
26555 14551
25111 13541
30386 17821
28720 15869
16141 6028
13615 3980
26667 14338
29572 16626
12695 3124
30061 16532
39708 22905
15321 5198
27955 15428
23880 12498
20403 9758
12613 2930
28127 14967
24415 12843
19111 8213
15958 5580
26886 14979
28223 16129
16483 6084
13415 3685
32996 17998
29527 15303
23417 11981
26415 14552
34172 20344
15794 5688
19449 8661
13822 4220
36015 22145
38258 22686
22660 10690
18774 8186
37030 21724
10670 1515
24915 12951
23064 10801
37334 23934
31103 18733
27079 15029
11806 2316
13072 3210
20418 9755
38028 22652
33753 20695
12715 3112
11464 2063
34972 22021
16807 6078
38085 23301
19530 8554
11676 2225
15982 5953
11182 1708
17733 7205
37621 23657
13659 3596
9345 252
21841 10817
34696 21272
32618 19120
34815 21522
12915 3128
23292 11518
31150 18017
21136 9822
19591 8791
24796 12784
10944 1506
37387 23538
31536 18389
31458 17220
23473 11797
20616 9703
38565 24254
23204 11580
39561 24962
11770 2297
22625 11034
17274 7007
29908 16923
26903 14943
21711 10205
37356 23744
19222 8501
10273 990
24610 12687
14918 4703
31230 17915
25779 13701
10620 1249
17909 7364
15535 5117
28419 15726
36087 20549
33727 19588
10678 1231
30506 17848
38886 24849
28407 15841
32547 19410
15583 5285
9905 521
22594 10413
38503 24383
29444 16952
23232 11713
12973 3128
35193 19786
23971 12260
34601 21443
10319 946
19694 8197
30897 18110
40852 23700
13058 3205
19757 8701
32771 19527
27037 15033
26674 14681
19309 7634
17087 5965
35404 20992
25760 13803
21452 10434
37222 23272
24525 12638
10746 1233
38971 24287
40089 24876
35123 20883
36877 22167
37961 23705
14948 4789
19376 8258
12936 3012
15646 5445
13644 3698
27378 14669
35057 20437
25100 13417
31407 18097
33986 20416
36317 20480
37217 21224
33891 20749
36571 20883
20799 9754
9716 315
22310 10627
15934 5548
34747 21393
16011 5597
28610 16422
23433 11849
39496 24687
11931 1941
21328 9966
34648 20577
28522 15311
14105 3641
10030 492
20009 8544
12919 3023
23618 11950
35879 22353
10850 1244
34612 19760
15309 4987
34743 21404
30280 17339
37310 23070
39172 25337
27333 14488
23366 11442
27807 15535
37938 22992
35486 20701
34998 19988
12942 2906
36229 21653
9752 258
29104 16798
25666 12225
35172 21381
19084 8035
19268 7694
23333 11341
21649 10051
33292 19486
35627 20661
34737 20546
37181 22649
11881 1965
38667 24429
29005 16119
38459 24381
15326 4861
37536 22217
13810 3576
26299 13571
31593 18139
22160 10624
17499 6576
43379 15787
29561 15780
20538 9038
33709 20429
14850 4303
34438 20996
35526 20856
35433 20957
13604 3413
39119 24984
40750 24781
40553 25997
25293 12990
30200 16810
15360 4974
36050 21498
35155 21307
10533 800
21268 9842
33669 19378
31319 17945
34616 20439
31812 18497
36307 21843
15196 4436
24923 12033
33620 19610
41783 16316
36103 21113
33060 18760
10597 849
39790 15122
11957 1908
30741 16827
18783 7768
11182 1298
12085 2070
26427 14053
27129 13536
29184 15620
11225 1334
36395 21391
14187 3549
38146 21566
29023 15839
23581 11247
28839 15389
27404 15020
37296 23410
21164 9639
33402 18245
40616 25922
16597 5647
25481 12830
39294 23423
10573 748
30888 17719
35991 20107
12916 2515
34350 19891
17334 5961
14276 3892
18416 7078
15728 5207
15607 4777
28830 14705
10043 262
41049 25918
17299 6481
35911 21177
24818 12318
22957 10840
15254 4388
33392 19510
41852 26053
30244 16730
35645 21664
31484 17611
15336 4345
24132 12170
33126 19279
37242 23170
22928 10716
18437 7110
35381 20877
35875 21672
39366 24265
15514 4656
40197 25377
25443 12701
10814 816
21289 9529
12086 1922
36684 22690
31402 18361
13843 3314
11464 1279
17590 6600
40080 24520
34318 20350
28215 15002
30338 17277
31612 17355
33412 19102
24539 11660
38577 22621
24282 11903
19248 8003
30695 16772
36865 22246
19392 7701
19131 7216
16902 5774
11192 995
28799 15673
25744 13308
10985 931
39637 23515
16223 5362
24182 11439
33022 18615
39858 23601
37452 22949
17712 5995
23161 10903
23148 11047
28451 14979
26665 13431
35060 20623
22769 10740
33161 17839
