346 182
428 293
410 299
294 166
393 205
352 247
169 122
467 323
245 169
99 81
152 118
352 177
330 161
418 239
377 290
155 115
426 314
255 150
221 135
99 81
268 157
291 196
159 122
217 139
224 153
195 145
343 252
419 319
333 192
314 182
853 542
618 386
817 548
465 278
899 417
514 299
655 446
789 406
645 420
603 376
840 554
648 340
843 398
485 257
836 388
567 358
756 367
769 514
682 450
606 346
594 367
473 276
750 459
708 359
748 450
474 267
755 355
764 375
772 379
912 494
1348 848
1008 624
695 378
1368 627
1190 596
1284 832
1157 551
864 513
1298 815
1210 734
780 456
1066 704
635 332
1269 583
858 489
1246 629
1535 963
1098 531
1388 618
1201 813
1001 627
1226 592
1386 637
965 552
903 536
1386 865
1227 730
1249 748
1425 998
1446 998
1936 982
1473 940
1784 852
1660 1032
921 476
1175 703
1553 997
826 378
1055 551
1808 889
754 340
1708 828
845 424
813 373
1853 907
698 274
1822 832
775 328
1809 871
1888 1218
1315 831
938 474
876 457
1321 794
1400 872
1080 612
687 250
1755 866
1131 644
1793 890
2256 1041
2665 1172
1193 619
907 363
1778 1113
1323 680
1997 1234
2485 1636
1805 994
499 81
1470 867
1675 1030
1625 1012
1556 884
1112 549
1036 480
2373 1142
1223 571
1134 579
1145 561
2317 1547
1594 954
1310 657
2126 1350
871 344
1329 742
2250 1028
2320 1050
2095 1399
2586 1301
2954 1463
1215 535
3071 1544
970 369
1820 1048
2580 1569
2582 1712
1671 920
2275 1445
1192 493
2550 1673
2128 1311
1111 464
3121 1402
1704 885
1467 783
2675 1178
1656 900
1865 1104
1277 586
2862 1342
918 273
1473 702
2343 1421
2912 1310
1098 459
914 287
1104 431
931 329
3149 2094
1289 543
3081 1857
3452 2242
3673 1538
2609 1531
3322 2151
2231 1264
3468 1598
3459 1607
3389 2226
3140 1891
1369 540
1946 1077
3278 2107
2350 1438
2450 1495
2029 1175
2952 1741
3287 1487
3263 2055
1851 945
1111 388
1599 816
3247 2128
2680 1512
1428 638
3603 1616
1954 1071
2565 1574
2651 1520
2610 1473
2206 1218
1261 432
2408 1365
2189 1214
3658 1712
1520 658
2788 1732
3993 2516
4634 3002
3972 1842
2613 1373
1515 637
3838 1787
3241 2063
2421 1306
3828 2221
3959 1763
1346 524
3274 2028
3958 2512
2604 1543
4503 2723
3220 1869
2886 1646
3793 2527
3419 2149
1814 842
2805 1632
3016 1860
1690 683
3014 1754
3379 2026
2415 1310
1715 706
3370 1956
4109 2567
1867 863
2481 1295
3191 1831
4379 2536
3748 2280
1517 561
1723 722
2378 1204
1978 955
3255 1765
2046 980
3933 2498
3561 2184
2826 1459
2945 1745
4562 2942
1577 611
2737 1583
4821 2299
5115 3316
1272 342
4590 2644
4175 2707
2384 1162
1414 391
5081 3309
1494 423
4876 3103
1881 793
4259 2528
5002 3297
4383 2819
4614 2958
2952 1569
1596 468
4734 3048
1529 478
2546 1356
5145 2319
4977 3019
2443 1232
3018 1724
1643 569
2674 1318
2792 1503
2611 1389
4262 2539
2978 1490
1375 335
1968 762
2599 1330
2664 1319
3511 2069
4703 2989
3654 2068
3874 2179
2487 1154
3444 1966
2983 1573
2340 1071
5616 3683
2273 992
5608 3445
4591 2753
4815 3000
5940 3922
6039 2841
3017 1596
5281 2186
3489 1902
4865 2852
1681 532
4933 2914
4021 2459
3057 1668
1486 371
1489 369
5699 3496
5580 2362
1989 764
3992 2387
4902 2991
4150 2252
5350 3264
1871 518
6071 4015
2261 921
1782 519
3748 2027
3206 1670
1892 588
3463 1794
5633 3494
3580 2009
5368 3336
5163 3179
2550 1193
4413 2488
6110 2667
5942 3448
4014 2005
3095 1458
3000 1407
4932 2673
5691 3650
4180 2481
2561 1200
1652 440
3650 1995
5841 3208
2675 1179
5593 3412
6179 2663
1571 272
5705 3121
5722 3443
2361 909
1790 477
5548 3248
3486 1748
3269 1717
2864 1324
5460 3408
4312 2532
4407 2500
4812 2748
3630 1819
5252 3166
5970 3684
2909 1368
4176 2212
2605 1119
3727 1821
7069 4631
7062 3290
5674 3571
2675 1152
6269 3890
4783 2934
1855 470
2405 984
7597 3096
1634 329
4983 2881
3992 1953
1776 335
5778 3473
4712 2599
4183 2301
6908 4281
1844 421
4902 2610
5585 3162
7409 4533
3024 1393
4031 2146
7243 2994
4206 2245
2281 768
6881 4134
1715 302
4868 2800
5416 3390
6088 3692
4883 2737
7541 3397
1992 520
7658 4942
3165 1436
5722 3485
3324 1550
7380 3348
2143 672
5918 3602
6300 3430
5035 2985
2285 646
6073 3628
3589 1787
6219 3899
3652 1724
3054 1266
2733 1059
6646 4002
5678 3329
3960 2078
2620 936
6311 3674
7721 4886
3974 1827
5109 2889
2686 1026
5693 3352
6823 4259
5748 3434
3538 1736
2878 1158
5356 2848
1819 310
3014 1267
5489 3158
5187 3146
2822 1141
2976 1128
8232 5103
7462 4192
9091 5337
8157 5326
8341 5189
7490 4605
4402 2064
3362 1473
2992 1206
3430 1517
6664 3851
7996 4847
6007 3546
5796 3386
6100 3549
7208 4437
5197 2691
2178 525
2987 1097
6076 3243
4799 2611
1889 275
5226 2951
2556 828
7654 4665
7783 4768
8580 4995
3150 1281
5128 2831
4082 1968
8813 5457
6486 3713
4427 2163
8939 5925
8233 5015
3147 1170
8457 5069
5681 2801
5883 3366
4018 1889
8749 5534
5419 2957
1986 263
6217 3590
6986 4282
6026 3516
6214 3490
2466 663
2375 631
6519 3773
4254 2033
8133 5127
2770 882
4444 2159
8710 5139
4201 1981
8680 4939
3746 1740
4323 2205
9475 4419
5709 3180
3923 1765
8993 5800
8939 5531
2539 664
7904 4721
5711 3100
5552 2996
9052 5727
6162 3052
9479 5812
2694 774
5022 2656
6398 3373
10001 6609
8124 5048
5994 3431
3172 1108
6082 3492
6767 4012
6926 3840
4184 2003
7067 3996
8662 5527
4889 2364
7927 4829
3960 1698
4808 2215
5246 2541
2230 289
9892 6136
8897 5165
3552 1359
7474 4343
2761 728
2968 904
8641 5224
4773 2347
4046 1822
2355 430
10687 6424
8297 5024
8924 5717
8646 5341
6737 3771
2240 322
10134 6116
2539 575
3848 1606
7546 4339
9548 5514
5844 2831
6660 3705
7828 4438
4734 2264
4790 2408
9600 4416
8211 4771
9011 5466
9398 5858
3128 1012
4642 2080
2713 611
9929 4421
10356 6785
5481 2906
4367 1913
4189 1837
6145 3270
5127 2513
2966 856
9638 6103
3442 1186
6222 3389
10272 6181
4443 2025
8480 5206
2288 289
5236 2454
9124 5089
8382 5028
5565 2990
7278 4164
8262 4948
7555 4134
9141 5578
5568 2924
8463 5007
3626 1389
4495 1816
6906 3940
4392 1925
6667 3724
3215 866
2346 244
11445 7152
3882 1468
6095 3172
9677 5828
2400 310
8876 5165
11862 5347
7230 4115
6619 3524
10354 6551
11526 7543
2473 357
6564 3572
6315 3298
10380 4393
5096 2489
4422 1954
3391 1069
3568 1271
8926 5155
9636 5140
7088 3969
9226 4964
4493 1964
5235 2479
3861 1432
2820 515
7797 4350
7177 3893
11964 7532
9705 5230
8851 5453
7940 4329
7054 3501
5663 2833
3843 1392
3599 1083
7680 4376
12280 7183
6535 3601
9609 5916
2495 277
8212 4564
11681 7039
7592 4225
4266 1754
8656 4632
10755 4572
3492 1037
4974 2111
2479 262
5892 2916
11232 4794
6833 3351
11542 7443
6058 3038
12533 5140
12197 5489
6969 3478
3185 791
5280 2184
3629 1148
8724 5008
12043 7629
3815 1182
8698 4938
9755 5614
10801 6502
5376 2445
5078 2249
3321 846
9025 5218
3482 997
3176 756
8391 4804
12264 6945
3092 709
10918 6412
9304 5270
10853 6647
4007 1448
5185 2325
11033 6256
6934 3633
6524 3410
6378 3075
8946 5028
9053 5435
10661 6297
7484 4122
4426 1656
5255 2343
3333 853
9640 5541
4623 1875
5461 2325
4102 1333
9405 5652
11047 6815
12686 7738
9543 5319
6222 2980
4206 1439
2659 247
4059 1418
6652 3342
6706 3271
5299 2316
5138 2126
7536 4131
6977 3501
5826 2657
3579 1029
6766 3183
6631 3267
9659 5755
4253 1462
13716 8822
5493 2336
10059 5990
6366 3172
6054 2895
2842 313
9778 5907
7104 3329
13305 6012
10572 6395
12586 7709
3146 558
7487 4057
3851 1172
7656 4179
12318 7567
7883 4152
13300 5695
10198 5630
6010 2860
3346 784
8159 4110
7132 3569
4037 1307
3441 870
10998 6487
5636 2432
6587 3072
3455 706
8172 4419
9173 5204
12999 7943
13693 6283
12559 7764
10826 6286
7033 3575
11460 6542
6332 2831
7765 4169
14153 9063
14268 9044
13378 8557
5808 2429
14462 8597
10237 5911
9691 5510
5138 2165
10944 6597
4708 1719
6769 3396
3038 384
3083 440
7931 4368
9912 5776
9001 4795
6229 2959
7905 4292
3693 891
8460 4233
8605 4693
8689 4616
8051 4085
11951 7321
12908 7501
7887 3999
4430 1466
12354 7542
6201 2897
6544 3131
5494 2247
6619 3116
15524 9337
14320 8105
12189 7234
8524 4712
11462 6624
5057 1909
3755 909
4194 1283
3019 288
13672 8151
9488 5327
4467 1361
5765 2291
14585 9196
10452 6192
12323 7695
13966 8622
8171 4165
15340 9316
9245 4700
3775 884
5686 2288
3387 568
7517 3855
4491 1426
3211 400
4837 1738
10359 5643
7917 3591
7711 3879
3574 719
14676 9138
6618 2913
3293 442
5855 2271
7077 3302
11258 6515
7884 3708
7559 3719
10334 5803
14006 8701
6426 2932
10629 5904
8111 3963
15078 6551
15217 8467
10067 5400
5946 2247
4795 1600
12178 7417
14445 8826
6237 2643
4472 1250
5118 1914
11581 6562
17453 7595
16977 9491
9204 4869
13476 7731
9152 4534
12904 7951
3179 276
9889 5517
6685 2879
3926 902
4375 1238
13880 8416
12285 7142
15615 8772
8483 4361
4732 1488
6535 2881
3360 434
3900 806
6401 2920
14442 6233
11067 6348
4641 1295
8433 4190
4496 1181
16366 9535
11163 6331
11563 6237
12252 6613
17305 10077
6785 2973
3820 695
13799 7677
8516 4105
13507 8354
4788 1540
10502 5047
7266 3231
14742 8454
5098 1719
4620 1398
9712 5374
4914 1556
12627 7295
14917 9104
15942 9950
13933 8491
15123 8842
3977 825
11108 6524
13139 8012
8306 3936
7548 3470
5524 2041
4112 898
7208 3406
5903 2352
6172 2347
13759 7860
10766 5520
7271 3169
8228 3930
9597 5328
9269 4811
4498 1203
11313 6093
18104 10490
3445 326
11424 5861
12398 6814
13080 7186
10653 5979
6896 3133
12319 6666
11719 7021
6857 2902
14514 8446
4690 1350
14131 8274
5002 1533
5648 2165
3851 582
15757 9152
11609 6335
9984 5201
10243 5734
11649 6746
10930 6177
6357 2474
4765 1202
13008 7864
8977 4427
8786 4455
13182 7872
11053 5713
7519 3519
12524 7358
7110 3004
4234 833
5182 1514
6151 2421
10975 6079
9758 5249
14394 7814
12833 6753
10504 5753
14315 8303
12834 7165
15690 9502
3832 562
16910 10366
15904 9267
17910 10260
3927 587
12652 7398
19428 9205
15871 9825
16862 9726
11938 6875
16039 9625
17803 7127
11603 6078
19248 11889
6566 2715
13660 8138
5829 1931
12117 5910
10180 5191
8781 3815
8663 4108
15950 9208
5161 1570
16887 10578
13780 8085
16121 8997
19161 12363
5596 1721
8488 4079
5129 1468
7425 3433
5140 1505
14178 8335
6496 2470
10429 5526
18652 7630
14509 8226
11813 6622
4036 584
11811 6179
7813 3378
11969 5961
6816 2780
11971 6205
17653 11121
8421 3658
14589 8381
10934 5995
10614 4979
18583 8134
5278 1613
18695 10558
6105 1989
6115 2158
6777 2560
14249 8348
9305 4834
9565 4807
4013 490
7429 3256
9008 4094
17343 10679
9558 4492
9002 3773
7102 2841
10718 5268
15509 9583
9358 4032
18494 11561
16836 10295
8459 3908
6320 2298
16405 8719
16855 10232
4991 1269
8374 3956
13634 7996
15537 9624
15560 9159
6437 2306
11509 5858
13018 7299
6673 2564
12315 6645
10653 5048
14280 7908
14971 8163
16679 9983
14791 8515
17402 10692
14353 8444
6595 2305
10589 4989
18816 11925
4678 897
15931 9522
13491 7067
8074 3372
6524 2243
16122 9913
12562 6983
14890 8610
18891 11523
18017 11047
10264 5029
17594 10390
6228 1968
6917 2649
8001 3551
12708 7126
12584 7200
11280 5601
14233 7813
20025 12427
14430 8172
7314 2909
20597 11472
10738 5681
16421 9157
6546 2144
4083 437
14635 8380
7720 3274
12478 6745
12355 6989
14450 8577
5891 1799
18852 11193
6484 2314
19420 11889
12066 6112
9128 4230
5694 1536
19157 11146
14532 8246
17712 10268
11408 5993
7691 3195
7892 3104
11022 5535
11789 6460
12987 7239
18334 11156
17951 10474
4813 945
14353 8393
13241 6910
12125 6267
6969 2471
4577 750
12782 6516
5332 1331
20138 11555
19039 11195
6161 2020
20559 12199
19426 11258
14148 7305
20239 11729
9213 4155
11887 6320
7978 3363
16221 9601
12720 6487
18671 11271
16006 9075
11660 6166
16028 8978
19188 11880
4658 752
12634 6844
12040 6570
21273 13367
10524 5290
7709 3207
4478 621
20233 11674
13492 7022
8170 3172
14393 8308
19274 11961
12682 6786
10868 5310
22916 12666
22395 9570
14797 7566
4402 446
14469 8163
20162 12748
22988 10705
6485 2144
19919 12070
19466 11597
7266 2780
17206 10035
4750 743
5000 965
7227 2722
17559 10147
10894 5664
14774 8462
5927 1616
14260 7348
21535 13038
15886 8713
4861 819
4659 667
18138 10088
14996 8443
6383 2054
10966 5571
8531 3635
12947 6968
18378 10911
13271 6846
18391 11212
11059 5449
13782 7460
22128 12869
18512 9532
12500 6709
15036 8635
18407 9792
11792 5936
21527 12575
7749 2756
24355 11767
19961 11828
7380 2808
16199 9429
4727 629
16500 9545
19174 11804
16121 8840
7132 2330
4344 334
19315 11508
21829 12894
22721 14009
8213 3345
16932 8794
16837 9567
6529 2065
18292 11174
18523 10901
22593 13198
8700 3789
11841 5813
7252 2670
12990 6521
9704 4279
16351 9638
22336 10010
10292 4558
9438 4168
6017 1492
11954 5953
11961 6286
10068 4081
11594 5051
11324 5735
11070 5471
18208 11036
23689 13471
16797 9530
5015 828
21029 12781
16559 9292
15888 8501
4470 355
25261 10028
18159 10758
19059 11320
9866 4635
9399 4109
18176 11043
6836 2203
11492 5928
14648 8164
5382 942
17977 10324
8535 3350
7541 2464
20655 12182
21560 12749
6837 2182
19519 10580
14117 7654
5708 1192
8990 3674
10466 4940
5900 1402
18985 10686
9120 3944
17442 10274
7335 2511
9112 3624
17868 9524
15284 8402
6345 1648
12247 6364
5943 1504
15221 7366
12208 5990
20246 12541
5481 1041
13607 7144
6376 1765
9485 4213
12433 6506
7803 2753
18968 11133
4954 615
8188 2813
13194 7138
18011 10445
15821 8675
18875 11229
23997 15257
21426 11704
5046 665
6810 1930
10652 4798
11328 4929
10141 4356
18998 10672
8637 3416
23640 14430
7111 2268
14067 6934
21716 13198
20423 12358
22986 14209
17059 8840
20230 12304
15480 8111
19723 11190
15893 8944
12579 5507
12980 6499
14122 7010
9646 4366
19901 10861
5438 819
25326 14293
23671 15009
6466 1686
16605 8917
6218 1517
7756 2645
7870 2775
6859 2069
22019 12965
10548 4846
22788 14046
16756 9671
7824 2602
9548 3530
14290 7544
16554 9440
7745 2622
4742 303
20209 12048
8125 2807
23448 14508
25669 15944
18104 9155
15159 8472
10112 4381
25203 15250
20430 11888
23025 14217
5488 784
7563 2595
19196 10957
16089 9174
15881 8997
12455 6104
23414 14390
6147 1281
22999 14193
7601 2572
20066 11748
5882 1165
10511 4747
11975 5772
24291 14111
8544 3304
8139 2690
6672 1604
17313 9873
9838 4271
22215 12370
25700 15657
24341 13941
17977 10444
8117 2745
6778 1768
14422 7661
11884 5516
15197 7813
5346 688
6192 1238
5452 756
20489 11564
14445 7687
10772 4632
5177 537
6328 1342
23767 14738
10598 4709
23515 13744
11875 5428
5028 392
5417 761
22447 13740
20503 11861
24317 13991
6238 1332
25559 16339
8302 3051
16770 9192
7039 1935
7759 2430
17228 9490
18649 10430
18630 10582
6991 1871
7155 2074
14626 6983
22188 13017
7497 2307
7223 2103
16461 8531
20456 12257
8886 3315
18034 9499
19490 11205
28061 15315
16220 9077
22115 13575
25915 15675
24432 14255
5644 767
13506 7067
6531 1550
15252 7563
23331 13911
21346 12536
16320 8648
10515 4615
12981 6190
27158 17278
10178 3862
18329 10311
20849 11970
17132 9460
11263 4706
10403 4555
21880 12694
27299 17427
18830 10154
21594 12078
13907 7315
15340 8143
18152 9707
13832 7053
5815 839
21434 12622
21927 12448
20055 11878
18398 9517
21904 12776
13832 6368
7730 2209
16920 9180
17047 9308
9993 3792
20715 11721
23612 14232
12972 6103
19469 10900
21208 11054
11232 4738
7218 1984
14616 7439
12302 6059
29407 16505
19583 11479
5813 763
12045 5358
16578 8898
5334 417
12592 6024
7290 2022
10149 3948
24897 14150
25476 15638
5957 929
5792 777
21439 12691
17541 9193
16598 8009
11236 4894
18688 10862
15809 8062
16327 8696
21838 11807
6647 1486
10060 4019
6438 1277
5448 486
8829 3104
24442 13882
18036 9696
13331 6584
14263 6933
6848 1374
24956 14923
9459 3582
7853 2278
11841 5036
21589 12339
10291 4181
24963 14401
5469 394
24465 13968
16496 8515
18732 9666
20664 12074
28726 13387
23341 14074
25810 15525
21804 13002
8185 2665
27477 15241
15114 7955
17503 9168
13362 6356
13564 6717
12809 6082
20020 11697
27548 17101
6834 1488
11444 4925
25430 15822
17970 9828
29125 18239
7245 1746
26298 16224
21353 11451
5379 269
23936 13258
24523 13958
25639 15588
6318 962
9913 3793
11137 4692
22186 13419
22871 13472
6952 1495
20297 11846
21584 12607
20646 11088
7768 2004
17393 9317
24933 14167
12626 5977
26078 16351
22747 13748
9097 3235
16923 9158
17469 9806
6856 1440
22323 12473
9270 3213
11285 4842
14745 7593
7725 2169
9527 3366
5869 554
26753 16549
23458 13362
12271 5139
6510 1138
20339 10848
10224 3865
22818 13743
29079 17788
6561 1024
9445 3337
24228 13950
6610 1213
8433 2627
11610 5067
21319 12220
8240 2514
25750 15095
5767 514
23313 13758
15467 8139
12470 5576
12387 5526
14417 6809
19368 10998
27035 15314
18564 9798
24425 14074
21800 12559
7572 1746
9928 3491
20269 11539
14022 6597
23190 13790
29120 17801
23906 13830
27083 16231
24806 15239
23726 13771
24561 14924
7685 1995
16016 8401
23250 13607
6871 1296
29214 17066
24732 14721
15393 8014
8764 2826
22937 12130
23162 13098
6563 1060
12457 5087
33745 18378
23844 13865
18298 9338
10112 3780
23323 12688
24453 14284
14694 7233
6886 1199
9168 3064
25833 15382
12264 5414
29496 17027
20335 11505
18481 10325
8977 2814
26855 16449
11326 4544
10348 3928
13575 6216
6517 952
19467 9921
24796 14509
18554 10188
13231 6170
29736 18443
9977 3237
11618 4651
17513 8924
7735 1879
17299 9220
17321 8742
14996 7385
12038 5093
9839 3584
8154 2074
30870 17045
16122 7939
26071 16055
10009 3147
8629 2459
26073 15641
21761 11245
6918 1240
14732 6544
8675 2665
11603 4722
20334 10901
27820 16759
15921 7546
13070 5755
16651 7999
17467 9399
29143 16194
15741 8158
19998 10695
28994 18161
18252 9401
5751 254
11059 4479
25069 14275
22793 12888
16241 7492
24094 14213
6670 907
19146 10513
10528 3888
21004 11065
6521 741
29727 18491
13991 6734
22310 12937
12802 5276
11655 4831
9660 3255
19555 9490
15873 7585
34033 20165
24910 14436
9417 3087
12926 5715
26842 15593
11337 4603
24035 14081
18225 10013
6658 962
23781 12816
6569 841
14692 7073
17691 9676
7804 1866
29528 17694
28938 17605
20041 10194
26431 15187
29094 16335
6229 470
17889 8342
26059 15158
14412 7020
8195 2070
12538 5372
17892 9627
15521 7567
11282 4448
21169 11310
30657 18619
9747 3240
15489 7339
7442 1470
22805 13491
28669 15728
19613 10514
22151 11599
7053 1181
23825 13884
30924 13843
21648 12510
17117 9090
18303 9229
18450 9596
14720 6761
7722 1626
18980 9752
15509 7493
28908 17365
9464 2552
11286 4387
6725 810
10850 3953
21403 12112
25936 15378
20063 11038
24379 14148
26473 15929
8969 2274
23922 13976
16977 8500
6474 563
11555 4665
11069 3906
26037 15083
7611 1573
30606 17401
10454 3658
8196 2009
22372 12606
24771 14850
30487 17895
20851 11295
24941 13340
31305 18647
13654 5696
22490 12473
10985 4105
7964 1655
21357 12256
18717 9601
8726 2303
24767 13932
15977 7970
22334 11997
12056 4752
18742 9377
12057 4839
18261 8885
33357 20808
28795 17540
27714 16461
33358 19143
29467 16992
9901 3186
24791 13683
30581 18790
9196 2681
6834 828
24805 14522
10929 4081
23157 13095
31476 18734
11926 4561
23981 13671
10586 3675
28570 16459
20860 10500
24314 14159
12397 4933
16913 7869
24051 13290
31227 18117
20308 9998
26440 14924
27801 16877
27026 16101
9851 2975
15697 7702
26720 15975
35967 22278
26824 15562
9176 2419
18063 9282
16574 7822
10783 3901
32723 19838
15021 6982
15602 7282
17760 9157
15622 7720
16155 7779
17741 8460
15986 7167
23250 13376
28993 17397
24388 13555
32671 18250
31423 18438
12195 4817
27490 16572
14964 7054
17536 8243
29644 16353
11982 4549
13233 5520
36894 22481
11788 4189
17134 8609
7114 904
30065 18013
33432 19966
26819 14530
21137 10180
13252 5123
16551 8312
18861 8949
7718 1376
28628 16782
7060 838
30039 18370
8089 1575
8116 1688
9676 2880
10357 3155
6979 684
28937 16792
8806 1972
28788 16067
28638 17041
28513 15131
11058 3923
12361 4572
12875 4915
35910 16337
17505 8662
9553 2590
24209 13764
37307 21281
8398 1869
13867 5699
8545 1872
33063 20290
24783 13391
30469 18121
26549 15861
13564 5849
13467 5912
26275 14985
30828 17574
15689 7178
14641 6615
17656 9083
7587 1172
15878 7018
31790 18840
17950 9181
15734 7301
22346 12234
10265 3275
15661 7051
13135 5409
11531 4020
15497 6591
17215 8584
10483 3332
20834 10642
32002 19552
15230 6585
35637 16187
31798 19773
22209 11633
33495 21092
23906 13265
26792 15957
9933 3025
7922 1337
23085 12656
34136 20812
28980 17589
14256 6306
25049 14216
22817 12331
11277 3770
10856 3671
14823 6557
8887 1947
27438 15553
19332 9582
25256 14354
28569 16918
17540 8721
25264 12568
24028 12897
29548 18039
22553 12159
11477 3783
8615 1880
28913 16982
14002 5945
24207 12620
28126 16442
21567 11558
37563 21965
9065 2210
29767 17506
17941 8716
32593 19023
31766 18596
21490 11580
16957 7754
23907 13131
23564 12836
24976 14159
30096 17803
8167 1474
22128 11977
14142 5927
31683 18295
24474 13600
10564 3157
32192 19693
34163 19952
11370 3930
19744 10328
9515 2414
22270 11256
23345 12786
24852 14009
17630 8258
28466 16149
24229 13642
21451 10701
16510 7939
16946 7397
19283 9240
11352 3658
7466 879
15519 6782
27379 15907
29762 16906
12906 4886
9927 2440
11723 3814
19196 9805
7551 785
10283 2902
26460 15215
26997 14752
19468 9437
21190 11231
12575 4303
35369 21224
21376 10122
19827 10201
9793 2531
29620 16830
13483 5531
35434 21168
27002 15435
36166 22111
34542 21246
26407 13476
8054 1303
16664 7879
11843 4277
21738 10714
33790 20317
18551 9327
36184 22458
12118 4481
16765 7842
8957 1971
8966 1744
27056 14461
11039 3588
33278 18091
20355 10065
30909 16228
33128 19409
16577 7843
28125 16069
8738 1675
7778 910
18147 8551
34088 19483
10435 2980
17866 8884
27603 14830
31184 16955
8104 1168
30166 17578
19518 10211
32136 19132
12584 4563
34603 21513
7211 464
13126 4855
30084 15785
14391 5851
25735 13944
10633 3236
10874 3283
18497 9384
29958 16392
32703 17981
17693 8352
10651 3175
35556 21020
27420 15477
31013 17624
11335 3354
26010 14087
19303 9491
15005 6332
10735 3097
14874 5991
9479 2197
16343 7574
13887 5454
14869 6245
18491 9230
20086 9587
29079 16495
30206 17650
15719 6654
13594 5331
23506 11914
24441 13581
21577 11310
23250 11404
32789 19892
16536 7653
37931 24081
23442 12714
20461 10461
28503 16723
11965 3992
9390 2054
38078 23188
34605 21683
25053 13609
18968 9427
17369 7894
19175 9382
21910 11201
18122 8787
30638 18367
22707 11271
11565 3725
37383 22668
33852 19124
15693 6641
29275 16892
19277 9387
20596 10734
31948 18801
27494 15369
19736 9958
23137 12879
26146 14035
18122 8442
26197 15164
7754 701
7262 280
39081 17400
11735 3400
27158 15733
38226 22362
24398 13294
13645 5088
22429 11904
25796 13468
34022 19399
16997 7434
22494 11040
22291 11234
28707 16228
18365 8889
27365 15423
11296 3456
17266 7647
26789 14709
9673 2210
30448 18097
34411 20806
25772 14646
10277 2411
29641 16784
29139 16691
27670 15422
39793 23252
31298 17073
31816 17215
36792 22341
27073 13729
21764 11551
34423 20972
10810 2992
7393 282
25231 14230
27241 15819
16989 7951
10280 2340
13430 4651
32411 18204
30240 17667
34249 21052
33928 19658
13579 5176
23659 11838
26217 14541
34331 20970
19307 9025
20100 9312
17936 8343
33619 20119
16564 7484
15077 6347
25047 12766
13997 5291
30676 18238
15697 6590
22668 12202
26826 14443
17716 7963
29009 16899
31334 18457
33022 18612
21747 11149
16094 6762
27938 16094
31961 18236
16137 6397
29073 17070
10254 2337
20477 10156
8151 863
13241 4764
25362 14125
21796 10994
36657 21089
23255 11901
13628 4900
34744 19931
37508 21958
31670 18738
13245 4777
37823 22905
25145 13695
8917 1548
36041 21715
23734 12987
17734 8240
9901 2197
13328 4355
37656 23500
26302 13455
33907 19179
25123 12199
36216 21186
25853 14125
39472 22550
11098 2851
28427 16271
39335 24410
30164 17444
21047 10547
29925 16914
26688 15237
20438 9719
31876 18087
29290 16226
8037 686
34365 19640
33555 19205
20959 10048
17941 7382
43126 27126
29561 16888
14727 5847
44942 25153
18382 8525
18752 8950
9326 1616
40062 23627
40458 24888
31167 16609
13282 4736
18919 8960
16791 7266
25567 11818
35470 21751
40262 17694
30244 16962
34039 20038
26015 14103
11549 3362
25425 13902
28060 16108
34120 19928
43504 19409
10586 2390
29159 16874
31512 18051
27578 14624
42000 17051
14121 5280
13863 5134
16045 6821
23929 12772
32235 19058
27443 14950
23360 12329
22847 11483
11659 3364
26338 14842
29572 16839
22415 10465
36606 21049
31104 17224
17077 6726
19190 9321
39187 23844
8608 899
31613 18436
23506 12421
34925 20072
8574 840
36551 21685
32116 19000
8373 748
40977 23714
11832 3535
10188 2104
19598 9415
26532 14151
44209 26995
24272 12222
30757 17264
17733 7984
42532 19021
39577 23766
37378 21005
39625 20863
17379 7273
43839 24969
38683 20130
10566 2359
25151 13004
40359 22986
16746 7250
37188 22596
11479 3029
32251 18284
8867 1093
32981 17638
29641 15759
22028 11113
35988 21763
19111 8885
23432 12238
10092 1961
32063 17917
32307 18373
8022 394
18913 7678
19519 8663
12718 3970
35737 21096
14814 5651
15195 5630
30546 15322
34015 19212
32777 18732
35794 20654
28093 15783
43324 25403
25879 13094
32378 17840
21465 10452
7963 276
34211 20442
20227 9279
23598 11004
36767 21628
44779 27364
21352 10311
9809 1672
13833 4950
29423 16906
28278 15891
39632 23411
33529 19531
33342 19045
43607 24209
9098 1168
38593 22581
19137 8295
12052 3381
15351 5951
31230 15924
26740 13547
21820 10552
25127 11935
11736 2916
20523 10099
26653 13520
35445 20466
24641 12955
8191 362
19109 8582
36586 20611
35168 18580
34151 20218
21667 10753
32664 18207
30338 16377
32286 18059
27953 15520
46093 21748
18423 8308
18219 8071
18755 8351
13244 4132
21825 10746
11014 2620
14494 5189
23185 11921
25091 13108
13909 4692
37976 22340
37202 21961
16354 6425
28265 15478
29462 16888
25973 13478
40883 23973
40434 24079
15628 6262
18178 7869
35283 21169
37946 21570
43491 26263
46466 30055
16928 7080
36336 21752
9944 1719
18709 8143
30423 15631
21024 9723
22339 10747
20615 9762
23818 11552
18338 7726
31454 16578
10610 2229
27811 15155
13140 4202
27568 14844
14481 5237
29482 16617
12431 3748
31623 17630
22730 11561
30324 15925
34122 17199
23442 10993
33139 19064
29320 15425
12665 3737
38116 22433
44096 25061
35214 20688
14435 5169
29247 15764
36897 20341
26857 13955
38637 22933
14182 4848
36181 18446
24503 12249
30478 16031
32518 18460
27861 15386
42963 25995
12237 3501
35293 20157
34883 19901
28995 16052
18160 8010
23691 11952
32742 18922
37924 20961
27304 14852
19689 9173
25938 13219
41332 24777
36853 22125
13144 4091
12307 3351
18198 7390
35943 21286
9453 1031
33875 19823
10879 2319
12193 3282
25072 12162
11605 2672
44195 27588
28937 16210
34482 19203
34862 19340
41814 24811
27016 14092
39037 22942
10040 1676
30602 17493
37024 21631
31976 18041
20433 8676
21124 9316
16479 6306
33284 18432
12128 2743
20891 9510
23472 11924
11340 2245
17185 6685
20348 9091
13583 3902
44209 26545
44690 27674
16792 6863
9686 1274
29913 16636
36251 20678
39442 22933
39879 22427
25603 12693
36262 21497
48046 28143
42148 25565
39344 23702
17395 6919
34224 19725
35416 19749
27226 14162
27867 15568
24385 12415
11791 2968
16039 6137
44284 27020
20401 9259
19369 7819
29111 16143
36829 21871
40652 24696
42692 23626
18319 7387
42596 26049
42103 24878
26501 12924
21571 10402
27030 13614
43205 25613
41739 25381
45469 27636
26131 13208
9168 753
25214 13090
24011 12287
44749 23485
20334 9480
26006 13643
8991 573
49666 28634
23086 11437
35038 17790
40444 21459
33713 19262
35446 19627
19937 8413
43508 24300
9060 616
36177 21078
30107 16606
39577 22612
11361 2348
30273 15567
17402 6952
27529 13965
28797 15681
10041 1420
39231 23758
23792 12156
30184 16523
14833 5021
40561 23207
21011 9278
39551 21407
14544 4688
25194 13084
39923 23018
28761 15754
45465 27855
38829 23066
45121 19579
48781 26916
20471 9350
27218 13964
28452 14325
44685 25429
38024 21597
24977 12874
12158 2937
27058 14163
47935 28567
22190 9710
13282 3869
19865 8342
24951 11243
24964 12177
13625 4165
22137 10661
24042 11602
49647 29193
42261 23186
48586 21027
24570 11092
34264 19561
33873 19528
15070 5085
28115 13386
12221 3150
20850 9601
41762 25718
43844 24917
47627 20539
16768 6441
40766 22806
10936 1899
30496 16449
15216 5292
46142 26009
36636 20863
10249 1384
41531 24055
23905 11404
11608 2397
32723 16197
14809 4777
9958 1150
35324 18677
40059 22758
26553 13573
22223 10723
40253 23064
18842 8143
29024 14987
17345 6495
28465 15162
38210 22100
13695 4040
49041 27860
44986 26671
31616 16054
18747 7708
29734 16288
10484 1610
25259 12492
28003 14082
18453 7343
43762 25910
23948 10454
11590 2422
37038 22081
47571 27083
20856 8758
23599 10510
20461 7891
27710 13407
34525 20008
47504 29539
36803 18654
9556 771
38580 22402
41036 22587
27448 13902
32184 17392
46254 26162
14020 4048
9511 695
29767 16566
19720 8538
22404 10383
37169 19503
16355 5794
25603 12381
35432 19094
35919 20060
46761 27428
42987 24928
13165 3520
10172 1158
13890 3882
29157 15107
19519 8372
17808 7255
24883 12406
22271 9307
12694 3064
21920 9866
14167 4228
41891 25125
23269 11002
32531 17593
17178 6628
19348 7411
43736 26322
23967 11689
38300 22459
27998 14912
28941 13765
28619 15415
28474 14353
40362 24091
21168 8768
14961 4756
27405 13572
47865 27438
37685 20875
22257 10292
46301 25958
31339 16435
50335 31107
26632 13515
16217 5770
32641 17283
11609 2278
24083 11803
42716 24975
12480 2759
13411 3616
30292 16665
27366 14030
39031 22510
15557 5265
31821 16613
13155 3514
36275 20992
36258 19468
48880 29711
47404 29041
15091 4940
16597 5518
36677 20365
32781 18399
41331 24393
38522 22184
19792 8113
15311 5137
34584 18659
38579 20920
14311 3857
40756 21576
55888 30786
18874 6912
36100 19832
31288 17049
25342 12756
13995 3671
37463 20135
30825 16198
24357 10753
17997 6641
36866 19888
42012 22316
19492 8156
15113 4577
46098 24992
38542 19333
29226 15365
35858 18705
47565 28400
18467 7133
22810 10824
15583 5307
47744 28873
47449 28199
30371 15705
22602 10575
49151 27997
11256 1930
30988 16312
29219 13983
48546 30384
40556 24299
34393 18955
13037 3075
14726 3982
25542 13084
50282 29149
46489 27765
14402 4097
12466 2577
45816 28159
20265 7888
51613 31128
23437 11084
12592 2744
19188 7979
11618 1964
21062 9177
51385 31506
15681 4671
9368 263
28386 15103
45534 26668
41773 23605
47432 26576
14248 3855
32059 16268
40335 22953
27986 12869
24141 11558
31546 17321
11788 2096
51241 30406
42712 24880
42567 22632
31314 16985
26066 13423
54783 33033
27938 14143
54530 33852
12932 3002
30773 16026
20819 9164
38931 21153
36126 20142
26299 13359
51175 32444
23668 11286
10474 1101
30613 16257
17102 6025
39514 21763
33724 18633
10950 1414
20516 8769
18174 6570
37637 20273
48959 26464
43861 25073
11134 1496
41872 22878
51166 31679
36134 19740
43812 24431
17457 6333
10087 636
28067 13242
53667 33832
39907 22393
27739 14151
14480 4101
47786 26098
30412 15742
46720 28481
10718 1242
23814 10235
42810 23232
56772 30470
14374 3984
24810 11809
46478 26098
33107 18410
36761 21028
24782 10290
20643 7844
51418 27488
33957 18732
25769 13140
51069 30203
32550 17582
11097 1455
53716 32369
53491 32479
47536 27214
46728 28132
54992 33996
16473 5524
23564 10728
14175 3738
18027 6927
15357 4646
35433 19110
46093 26339
33053 18398
40522 22872
45735 27066
48722 26635
51478 28138
47278 28701
46951 26650
26300 13291
9786 371
26729 13357
18165 6506
44246 26712
18937 6982
36640 20477
30055 15819
57355 36523
12996 2560
26380 12636
46890 26203
36251 19441
16302 4961
10272 619
25116 11416
14075 3694
30050 15487
49403 30775
11503 1704
45481 26402
17747 6534
49014 30133
40972 24010
49557 29199
53859 32483
36868 20187
28605 14749
35987 19709
58016 32086
49268 26695
45480 25790
14255 3734
49149 28216
9812 306
39440 23319
34477 16683
47262 28457
22148 9790
23906 10127
30502 14861
26406 12710
46339 25207
46734 27125
44889 26381
49603 29007
12888 2608
54572 31494
37055 20507
54201 32814
17515 6393
49552 28907
15814 4413
35686 18697
40391 22884
26948 13544
21796 9546
58852 23784
38922 20780
25704 11543
44298 26639
17136 5689
44780 26785
46969 26357
48478 27592
14986 4274
55977 35268
53659 31399
50375 31282
33981 17728
39626 22997
16695 5559
45555 25059
47832 29208
10604 843
24753 11579
42715 24178
40869 22945
45599 26057
41490 24225
50874 30937
18431 6647
31366 15767
40696 22931
57042 26489
48914 28376
44323 25038
10926 1080
57294 25992
12776 2471
39995 22410
22580 9911
11900 1859
13098 2663
34376 17543
33524 16871
36720 19761
11602 1512
46440 27738
15832 4383
51533 28176
37779 21260
27808 13774
38144 20161
36248 18910
49904 30833
26425 12355
46116 26814
53070 33458
21229 8462
31288 16478
53494 30154
10792 849
41319 24406
47828 25716
14181 3172
44287 24660
20824 7764
16311 5297
23787 9649
18152 6748
17999 6268
34180 17805
10109 331
55300 34434
19276 7457
48497 28367
32069 17056
27734 13555
17258 5668
43511 25009
56410 34299
42652 22747
46410 28003
41270 23503
17186 5519
30418 15900
42271 24392
51448 31909
29015 13802
21104 8847
46717 27512
47461 27566
55392 33298
18171 6104
53733 33772
33056 17160
10847 852
26584 12198
13361 2606
51789 32168
39796 22992
15432 4314
12007 1618
20929 8545
52030 30860
42451 23787
35349 18622
41240 23508
39413 22388
46663 26123
30782 15241
49141 28185
31220 15655
23237 9795
38512 21124
50080 30735
23153 9884
23035 9362
20060 7702
11683 1318
38659 22072
32654 17520
11338 1194
56587 31068
18396 6683
30287 15464
40505 22553
53873 30245
45673 26925
21337 8124
28202 13688
29421 14739
36498 20106
34835 18034
46503 26540
28681 13898
41484 22824
