10510 4165 10.51 4.165
10938 4341 10.938 4.341
10342 4061 10.342 4.061
10437 4030 10.437 4.03
10320 4050 10.32 4.05
12191 3885 12.191 3.885
10778 3974 10.778 3.974
11139 4187 11.139 4.187
10899 4507 10.899 4.507
11313 3977 11.313 3.977
27256 11194 13.628 5.597
23927 9314 11.9635 4.657
23757 8641 11.8785 4.3205
23577 9392 11.7885 4.696
25901 8858 12.9505 4.429
23454 8914 11.727 4.457
24053 9643 12.0265 4.8215
25182 9316 12.591 4.658
25667 9632 12.8335 4.816
24597 8634 12.2985 4.317
39932 14598 13.3107 4.866
39573 14578 13.191 4.85933
38094 15307 12.698 5.10233
39185 15519 13.0617 5.173
41837 14984 13.9457 4.99467
37494 15016 12.498 5.00533
39161 15100 13.0537 5.03333
39188 14475 13.0627 4.825
38973 14278 12.991 4.75933
38256 14895 12.752 4.965
52400 20378 13.1 5.0945
54204 18909 13.551 4.72725
52734 19143 13.1835 4.78575
54129 18698 13.5322 4.6745
54400 18535 13.6 4.63375
51486 19606 12.8715 4.9015
54540 18845 13.635 4.71125
53090 20975 13.2725 5.24375
51939 19883 12.9848 4.97075
53770 20368 13.4425 5.092
71804 25542 14.3608 5.1084
76877 24161 15.3754 4.8322
73749 24696 14.7498 4.9392
69263 26529 13.8526 5.3058
70985 27410 14.197 5.482
66839 27177 13.3678 5.4354
73965 27313 14.793 5.4626
68733 24812 13.7466 4.9624
72502 27133 14.5004 5.4266
71567 27337 14.3134 5.4674
85189 29579 14.1982 4.92983
91825 34269 15.3042 5.7115
84357 30595 14.0595 5.09917
92174 34211 15.3623 5.70183
82344 30100 13.724 5.01667
87325 29181 14.5542 4.8635
90014 33367 15.0023 5.56117
87583 30601 14.5972 5.10017
83155 28304 13.8592 4.71733
83349 31775 13.8915 5.29583
112107 44151 16.0153 6.30729
102208 35095 14.6011 5.01357
100683 34824 14.3833 4.97486
103754 37775 14.822 5.39643
104802 35464 14.9717 5.06629
103362 38549 14.766 5.507
109589 35341 15.6556 5.04871
103187 36234 14.741 5.17629
103556 38604 14.7937 5.51486
106636 34351 15.2337 4.90729
118809 42488 14.8511 5.311
122416 47528 15.302 5.941
127736 42612 15.967 5.3265
121667 46846 15.2084 5.85575
122850 47031 15.3562 5.87887
131299 47530 16.4124 5.94125
127286 46447 15.9108 5.80588
119814 42288 14.9767 5.286
125415 46244 15.6769 5.7805
126273 46637 15.7841 5.82963
135854 47207 15.0949 5.24522
142462 50553 15.8291 5.617
148711 48572 16.5234 5.39689
134286 51158 14.9207 5.68422
138185 52525 15.3539 5.83611
130814 50228 14.5349 5.58089
137564 51294 15.2849 5.69933
143770 49559 15.9744 5.50656
136564 48790 15.1738 5.42111
136354 55071 15.1504 6.119
162827 57572 16.2827 5.7572
156020 56106 15.602 5.6106
159133 59294 15.9133 5.9294
154235 49137 15.4235 4.9137
169713 58840 16.9713 5.884
164087 50842 16.4087 5.0842
149302 55128 14.9302 5.5128
152031 56386 15.2031 5.6386
151128 52173 15.1128 5.2173
146274 53803 14.6274 5.3803
168892 63209 15.3538 5.74627
177150 61419 16.1045 5.58355
180508 67437 16.4098 6.13064
175547 65313 15.9588 5.93755
173796 63684 15.7996 5.78945
175319 59594 15.9381 5.41764
176069 63150 16.0063 5.74091
168490 57949 15.3173 5.26809
175696 63283 15.9724 5.753
169670 62467 15.4245 5.67882
191778 67047 15.9815 5.58725
211764 63569 17.647 5.29742
218163 75631 18.1803 6.30258
209462 78321 17.4552 6.52675
191633 70851 15.9694 5.90425
187827 70730 15.6523 5.89417
182694 67098 15.2245 5.5915
188096 71698 15.6747 5.97483
187756 67797 15.6463 5.64975
191950 70476 15.9958 5.873
210626 73180 16.202 5.62923
207958 73608 15.9968 5.66215
205661 71144 15.8201 5.47262
200414 70597 15.4165 5.43054
204192 69727 15.7071 5.36362
205288 74026 15.7914 5.69431
209634 69487 16.1257 5.34515
213995 70515 16.4612 5.42423
203233 73327 15.6333 5.64054
211712 79754 16.2855 6.13492
239678 86311 17.1199 6.16507
220000 82074 15.7143 5.86243
233409 90331 16.6721 6.45221
214424 77828 15.316 5.55914
227826 76924 16.2733 5.49457
237863 86266 16.9902 6.16186
235022 74735 16.7873 5.33821
237243 80794 16.9459 5.771
226932 77648 16.2094 5.54629
230200 86338 16.4429 6.167
250398 90726 16.6932 6.0484
237248 85632 15.8165 5.7088
244646 87423 16.3097 5.8282
246890 87171 16.4593 5.8114
243050 86609 16.2033 5.77393
258159 87763 17.2106 5.85087
251920 92103 16.7947 6.1402
255610 94604 17.0407 6.30693
237097 88769 15.8065 5.91793
246419 85585 16.4279 5.70567
251493 91861 15.7183 5.74131
259786 98496 16.2366 6.156
277633 87904 17.3521 5.494
271273 96738 16.9546 6.04612
261996 91471 16.3747 5.71694
269750 101614 16.8594 6.35088
263022 91895 16.4389 5.74344
264123 92652 16.5077 5.79075
279294 97862 17.4559 6.11637
284811 87550 17.8007 5.47187
283392 93996 16.6701 5.52918
271090 100571 15.9465 5.91594
280816 105072 16.5186 6.18071
282712 103152 16.6301 6.06776
278742 106649 16.3966 6.27347
293733 108522 17.2784 6.38365
283780 101444 16.6929 5.96729
277488 107008 16.3228 6.29459
276595 92992 16.2703 5.47012
286093 96588 16.829 5.68165
295874 107935 16.4374 5.99639
314721 99806 17.4845 5.54478
297492 116375 16.5273 6.46528
285358 100672 15.8532 5.59289
333219 121265 18.5122 6.73694
288167 107798 16.0093 5.98878
328089 129390 18.2272 7.18833
291293 104323 16.1829 5.79572
300637 107820 16.7021 5.99
323714 112013 17.9841 6.22294
312391 114607 16.4416 6.03195
317983 101606 16.7359 5.34768
339437 130185 17.8651 6.85184
302723 110603 15.9328 5.82121
322545 105406 16.9761 5.54768
305360 112152 16.0716 5.90274
310794 106520 16.3576 5.60632
302809 114322 15.9373 6.01695
336919 122450 17.7326 6.44474
309249 110013 16.2763 5.79016
339150 119224 16.9575 5.9612
339688 125088 16.9844 6.2544
345404 111653 17.2702 5.58265
330419 121885 16.5209 6.09425
330251 115707 16.5126 5.78535
325844 119021 16.2922 5.95105
332207 110873 16.6104 5.54365
345676 118060 17.2838 5.903
358808 128924 17.9404 6.4462
327951 112198 16.3975 5.6099
