9995 3749 29998 10001
10005 3754 29998 10001
10005 3753 29998 10001
10032 3767 29998 10001
10014 3758 29998 10001
20005 7503 59998 20001
19998 7500 59998 20001
20006 7504 59998 20001
19946 7474 59998 20001
19985 7494 59998 20001
29948 11225 89998 30001
29986 11244 89998 30001
29996 11249 89998 30001
30048 11275 89998 30001
29982 11242 89998 30001
39993 14992 119998 40001
39980 14998 119998 40001
39972 14985 119998 40001
39968 14987 119998 40001
40030 14992 119998 40001
50002 18729 149998 50001
49992 18726 149998 50001
50047 18724 149998 50001
50120 18728 149998 50001
49965 18727 149998 50001
59996 22687 179998 60001
60105 22685 179998 60001
60007 22682 179998 60001
60012 22684 179998 60001
59945 22689 179998 60001
69997 26910 209998 70001
70170 26912 209998 70001
70020 26906 209998 70001
70179 26908 209998 70001
70203 26914 209998 70001
80045 33234 239998 80001
80123 33236 239998 80001
80098 33233 239998 80001
80078 33231 239998 80001
80090 33239 239998 80001
90012 38050 269998 90001
90111 38057 269998 90001
90207 38053 269998 90001
90202 38052 269998 90001
90260 38058 269998 90001
100309 43167 299998 100001
100310 43162 299998 100001
100312 43169 299998 100001
100315 43160 299998 100001
100300 43162 299998 100001
