29 16 74 34
31 17 76 33
31 16 82 34
29 16 76 34
30 17 85 36
33 18 91 39
32 17 76 34
32 17 77 34
32 17 74 32
31 17 75 33
34 18 78 33
33 18 91 37
33 18 80 36
34 18 92 38
34 18 81 36
35 19 84 37
36 19 89 37
34 18 83 35
35 18 83 35
36 20 90 38
36 20 91 40
36 19 90 38
37 20 89 38
36 19 88 37
35 19 91 41
36 19 96 38
38 20 98 40
36 19 86 39
36 19 84 36
35 19 95 40
36 19 89 38
38 20 91 40
34 18 88 39
38 20 103 42
37 19 92 42
38 20 88 39
38 20 93 38
37 19 92 40
37 20 98 39
38 20 98 46
38 20 90 40
37 20 98 43
38 20 93 41
36 20 105 44
39 20 111 44
41 21 97 40
38 20 94 40
38 21 93 40
39 21 114 47
43 22 103 43
