357 230
239 129
369 143
294 179
270 134
198 132
231 112
402 212
237 85
170 117
357 169
293 117
284 111
228 147
296 175
244 108
298 164
212 127
325 123
314 112
314 118
159 130
425 276
213 180
476 305
289 200
304 160
356 257
454 183
236 158
1125 543
199 82
637 421
575 331
381 221
541 293
804 246
359 100
628 396
577 240
822 514
522 303
543 333
566 420
860 569
668 459
862 696
521 141
717 418
421 271
677 378
706 504
287 171
598 361
337 95
610 374
610 329
904 644
594 172
877 606
607 300
920 409
682 368
785 471
801 448
942 511
604 340
558 217
1014 720
664 245
746 183
1698 726
1397 861
866 536
873 578
401 178
1184 531
1237 430
1018 657
697 417
676 249
712 310
477 188
566 145
725 165
876 489
730 339
695 375
636 185
662 435
1514 451
1361 595
1239 566
722 288
1030 410
731 277
1312 803
1119 698
1415 502
1445 752
673 336
735 372
1023 388
1660 1208
1971 1055
1361 963
2366 1868
1011 469
832 418
884 290
1176 804
1585 762
897 481
1648 1162
1359 1024
1618 980
1192 782
1250 796
1564 701
854 499
776 309
857 320
1381 949
1030 508
931 517
1139 622
1529 1040
1768 780
994 564
1245 746
1759 1316
1486 908
1811 1237
1961 1086
1585 509
1814 1084
3092 1909
944 437
792 255
1901 926
1932 1032
1338 741
1047 554
1050 553
1339 714
963 346
1535 963
872 284
1468 429
2606 1285
1881 1339
1608 748
1804 1248
1456 593
1904 924
1298 568
1034 397
1167 527
1949 1409
1101 353
1215 435
1908 1012
1749 935
1677 1102
1017 395
1476 833
1097 324
1724 912
2427 1174
958 432
2315 1482
1127 572
978 325
1536 914
2737 1323
1481 852
1733 970
1243 631
1363 724
1801 1022
2225 1258
1097 336
948 184
1804 850
1133 451
1582 602
1659 914
3230 2253
934 254
2714 754
1271 541
2236 687
1943 1257
968 229
2309 1284
1474 755
1306 404
1055 363
2594 1701
1454 800
1438 654
1873 1054
1728 672
2043 1152
2166 1502
1606 995
1158 283
1012 272
1201 447
1845 567
995 184
966 210
2013 1058
1810 855
1552 809
2889 2118
2288 1350
1415 597
1180 266
1994 1072
1769 1054
902 190
2652 1930
2313 1616
3018 1928
1222 239
2661 424
1948 1193
2207 1364
1588 877
2148 673
2534 1385
1400 685
2520 1031
1489 414
1463 636
4187 1934
1819 966
3756 2048
799 82
3401 2355
1572 637
1591 713
3657 2796
3419 2015
2912 1929
1286 463
2025 734
1136 170
2581 1238
1631 730
2554 1224
1528 710
3286 2132
2243 1335
1189 283
1695 622
2144 1336
2763 839
2560 1208
2075 407
3269 1033
2977 1840
3123 2181
1918 812
2367 1356
3152 2235
2250 1378
2976 1302
2157 1007
4724 1664
2711 1774
2326 829
3217 1628
1951 1046
2730 1757
2723 1275
1616 478
2203 1237
2699 1186
2105 943
1576 544
2025 1012
2761 1735
2802 1791
4330 2225
1450 435
2032 823
2192 375
2970 1878
1689 543
1779 631
3733 1814
2324 1340
2515 1517
1780 746
3107 1802
1865 849
2141 1026
2591 1642
2768 1331
2548 1206
2436 1210
3601 2486
2595 1454
1932 686
2532 1486
2831 1775
3541 2190
1874 634
1360 269
2930 1524
2437 742
4833 3306
3674 2392
1828 813
2375 1228
1868 720
2142 1059
3918 1996
2823 1752
5454 3300
5197 3148
2803 1079
1994 991
3532 2352
2241 1132
2079 1030
1655 644
1920 828
3492 2299
5224 3986
3819 1572
2145 805
2349 1033
1522 256
1499 265
3872 2595
3566 2183
1585 438
3274 1048
2445 939
2230 683
1423 241
3051 1764
3000 1830
2835 1520
1660 428
4284 2004
3474 1895
2216 1044
2090 805
2719 1381
1806 596
1968 696
3340 2042
2895 1678
3205 1995
3030 1538
3332 1800
3723 2243
3325 869
2607 1004
3493 2158
2865 1590
3045 1605
1830 523
2369 867
4145 2550
3514 1062
3334 1345
3728 2380
2801 1536
4341 2916
3197 1647
3012 748
2904 1254
2300 981
2585 705
2661 1438
3734 2477
3408 1692
2483 1114
2880 353
2230 593
2833 1302
4637 2938
2491 1171
1578 242
1509 205
2379 680
3306 1831
4709 3313
7035 2936
3360 1815
1923 555
2561 1173
2422 856
4177 2773
4737 3117
4239 2726
4800 3144
2780 1412
3224 1842
2885 1421
2410 790
3252 1916
2416 1085
4223 2774
2180 640
4436 2990
2888 273
2922 1400
4638 2967
2563 1007
2266 880
3633 2155
4739 2676
3333 1515
2959 1652
2070 535
1916 499
2611 524
3522 1869
1959 545
3047 1579
3594 1368
2412 703
4030 2291
2028 597
3230 1745
2993 1326
3888 2242
2860 1449
6553 5115
4176 1334
3512 1709
2026 315
2692 1203
3227 1681
1802 345
4877 3288
3812 1620
2703 1207
3599 1767
6497 2736
4590 3151
3686 2094
4313 967
1968 361
3183 1419
2728 1038
3225 1486
3951 2176
2403 653
2133 539
4997 3305
7001 5397
4816 2821
3461 1513
3148 1414
4560 2820
2893 1190
5138 1798
5786 4089
6156 3344
5165 3435
3148 1442
2293 719
4256 1671
6335 4117
3921 2294
2234 556
3215 1583
5269 2824
2219 648
4132 2200
3396 1825
4234 2610
2335 524
3385 1404
3184 1500
5740 3224
4081 2476
2753 850
5638 3857
4816 2855
1830 182
3947 2146
4156 2373
3666 1190
4183 2430
5513 3813
2982 1018
4506 2799
3919 1990
2485 682
2891 1191
4029 1955
2570 851
5871 3552
4677 2810
2590 821
6352 4146
5172 3207
4021 2244
1892 174
3889 2162
6788 4978
6047 3957
5755 3414
3741 1705
4503 2455
6452 3550
2858 791
3504 1360
6194 4461
7565 4148
3639 1532
2818 1039
3201 1315
3309 1567
4103 2108
7684 5864
3993 2170
4896 2840
1948 168
4795 2944
5538 3679
5029 2110
6948 4976
3870 1775
4940 2892
2455 658
3253 1409
6805 3807
7360 5551
2382 580
4121 1738
6136 4290
2775 820
5291 2527
3406 1317
4093 1991
4995 2896
8123 4258
2816 945
4981 3116
6893 4481
3068 1031
4537 2489
7473 4690
5924 3763
3781 1947
7888 5993
7242 5265
2307 376
2566 564
6398 4167
6934 4877
9215 5427
3884 1878
2735 826
3955 1578
2708 690
4960 3122
4263 1923
3604 1691
2642 449
4242 2113
3328 873
3895 1680
4262 2134
5215 3229
6422 3706
3560 1280
4659 2340
4877 2841
6358 2715
2931 970
4080 1675
4407 2086
4464 1363
4870 2899
4334 2269
5818 3573
2500 504
8603 4959
3229 1206
6595 4127
6189 3171
2862 730
2335 421
4418 2063
4741 2660
3073 982
4269 2038
6934 2587
3482 1401
4027 1886
4511 2402
4218 2103
5317 690
2899 712
7479 3695
8173 6135
2385 214
5628 3368
5672 3612
4159 2033
2936 924
2099 82
5267 2747
4275 2186
4929 2846
6108 3533
6266 4073
2212 180
3023 635
2697 588
4823 2688
4231 2189
3936 1801
5827 3470
3732 1562
6661 4501
3626 1615
2860 839
4121 1878
4379 2234
3323 1068
4565 2128
4095 1820
7037 4821
4333 1875
4823 2553
5121 2724
4079 1715
4062 1573
4241 1964
3962 1607
3732 1421
5114 2600
4038 1493
3487 788
4131 1802
5003 1701
4707 2178
11135 8643
5192 2824
4181 1819
2695 550
3295 786
3451 1086
9825 7677
5364 2034
4381 1789
6481 3145
6326 3922
5241 3008
4365 2126
5983 3623
4731 2397
3656 1205
5364 3047
5491 3063
5968 3649
3128 658
5215 2921
4667 2409
3857 1507
6053 3854
10247 7977
7405 5117
3615 1258
7040 4684
8120 5297
2597 240
4530 2314
4528 2302
3205 850
7219 4916
5029 2732
5655 1780
5661 3374
3471 1153
5275 2884
5468 3020
6505 4239
5991 3112
2687 267
2876 402
3944 1048
3090 572
2744 406
8714 5826
4376 1631
5971 3536
8152 5723
10535 7945
4862 2304
3372 767
6220 3804
6066 3527
4365 1973
5238 2467
4253 1825
5950 3535
5656 2858
8049 5472
5460 3147
5052 2235
6904 2217
4214 1754
4096 1660
6526 4110
5027 264
4360 1965
5563 2471
6428 3165
5834 3405
4208 1257
4270 1467
7941 5369
6264 3333
4652 1991
4947 1882
4326 1584
5048 2295
5485 1619
9001 4479
5768 2687
5173 226
5098 2298
6208 3674
4918 2507
5450 2932
3555 1051
8491 5963
6383 3856
6282 3762
4796 1731
3892 1253
6074 3503
5760 3127
3796 1145
4465 1977
7372 3918
9053 5877
7807 4720
6762 3859
3289 553
3764 1183
3982 922
3332 670
6742 4152
9267 6631
7903 5334
6600 3287
9133 3783
4963 2391
6810 2970
5493 2625
5644 3010
3022 459
6820 4296
2792 262
5496 2925
6194 3301
4325 1709
3358 433
5656 2873
9109 6185
6425 3053
5677 2824
5385 2686
6779 4185
4845 2013
8202 5178
4136 1288
4258 1370
4954 2154
6037 3263
5335 2507
6346 3673
7210 4255
11476 8670
5429 1499
7845 4864
6162 3497
2845 194
4484 1847
6127 2966
4788 2086
3045 385
4048 1410
13562 8969
5419 2726
8079 4819
5141 1959
6450 3697
4081 964
6611 3902
10166 7422
6145 2721
4467 1822
7296 4537
6511 3240
8416 5734
4650 1980
6743 3970
7147 4445
4710 1896
3093 313
8358 5414
6177 3377
4066 750
9357 5295
3259 444
6303 2731
3714 653
9468 6710
3917 973
6981 4101
6652 3682
3199 371
6252 3167
4248 1454
4486 1563
5728 2839
7704 4959
8876 6062
5950 3170
6895 3802
4326 1494
3289 561
8639 3961
11582 7101
7543 3985
7127 4284
5264 2422
8611 5369
5289 2412
9203 6164
9355 6479
6793 2493
14257 11266
11148 7925
4376 1361
5382 2449
6537 3717
5335 2268
3912 965
5720 2729
5253 2343
8745 5592
3858 975
4703 1812
11234 8441
6425 3504
7933 2276
5454 1437
4458 1468
4726 1706
6994 3955
4932 1846
5343 2289
8736 4828
6652 3709
4311 1352
8349 5280
11908 7129
6348 3221
6660 3654
6768 3779
8367 4239
6012 2852
7455 4458
8794 5662
5974 2798
4838 1871
8513 5564
5562 2555
7681 4486
5939 3030
6131 3148
10447 7042
10344 7354
7669 4565
6153 3139
9087 6029
3446 351
8686 5265
5011 1905
6099 2940
8376 2403
9416 6016
10196 7138
8922 5695
7710 4743
6451 3373
5496 2336
9515 6328
7988 4778
6368 3334
6375 3274
4926 1646
8195 4852
6104 2153
10351 7053
4923 1615
9755 6652
7217 4180
6074 2944
4707 1555
6729 3345
4010 851
9843 6603
3341 197
7491 4163
3463 274
5191 1697
6414 3395
9114 5928
5113 2058
10591 7273
5188 1681
8036 4375
8835 5523
7236 4179
11866 8713
4757 1389
11072 5657
4220 758
7895 3184
10301 7090
12292 5993
11525 8323
11359 7944
9935 6418
5358 2163
7277 4007
6233 3073
5104 1586
3322 181
9914 6796
5719 2508
5398 2118
7369 4131
8501 5388
6009 2820
5826 2676
8331 5193
4329 1159
4167 1043
5084 1887
10255 6796
11729 5949
3502 360
9833 6458
9822 6605
10269 6250
8772 5547
5320 2043
7002 3795
5961 2497
10696 6666
5531 2158
5096 1640
8441 4115
6615 2912
7222 3981
4408 1047
8661 5191
10026 6506
5013 1418
4537 1130
7052 2666
8586 5047
8416 4481
5409 2106
10919 7434
10224 6698
10742 7271
3733 406
12070 8501
6559 3237
7535 4045
6682 2889
4189 680
7604 3292
4669 1284
11679 8046
7816 3669
11016 4336
8933 5321
11023 7518
8586 1907
4123 807
3743 390
7886 4345
11534 7615
8932 4884
4599 886
4407 662
10626 3840
8518 5082
8965 3919
6878 3482
6186 2777
6963 3576
10151 6567
9056 5389
5799 2060
4200 863
6946 3561
5454 1820
10618 4892
6192 2797
7312 3794
5494 1783
7431 3872
7800 4275
4646 1079
6407 2749
5970 2469
4466 932
11543 8001
6371 2870
4274 776
4206 747
10458 6894
6318 2448
4528 1115
5657 1770
8996 5350
7939 3598
12750 8895
8149 3574
5880 2310
8732 5056
4904 1460
9268 5780
10586 7085
7556 3681
10504 6688
5211 1180
11210 7689
11445 8021
5403 1929
17052 13361
5943 1423
4371 707
9551 5752
6581 3005
6218 2516
11882 8297
7460 3824
5855 2309
9704 5961
8557 4970
11045 7546
5333 1506
11294 7766
4711 1138
5913 2113
16339 11486
5699 2120
4489 914
5663 1942
6716 2384
7618 3222
9797 5973
10339 5016
7961 4429
5221 1624
7581 3890
9790 6006
9203 5531
15056 11536
7450 3092
9543 5240
7434 3687
11808 8176
6827 2792
12248 8566
7247 2662
11593 6989
7664 3802
7006 3337
5347 1396
11204 7332
11694 7862
5813 2018
7915 3891
10077 6153
9101 5322
9720 5349
11153 7306
9331 5705
7998 4280
11848 8041
4496 875
8170 3997
5088 1392
10702 3409
12563 8778
8463 4652
9327 4542
11956 6405
8533 3402
7104 2792
8944 4875
5164 1307
5668 1875
11858 8061
4744 579
14621 10884
5169 1471
8613 1038
6332 2406
4833 996
10634 6839
7097 3258
8017 4285
11014 6983
12041 8229
6269 2196
7004 3146
10274 6013
13825 9952
9377 5499
6516 2779
5808 2042
6311 2006
5746 1851
10619 6850
8346 3965
12423 8178
6099 2339
10108 6142
10028 6170
9016 5072
7659 3835
5933 1956
12632 8818
9194 5163
11002 6824
9966 5749
4204 350
8064 3872
14325 10081
7535 3724
7496 3499
11811 7296
10457 2662
10813 6893
9611 4494
7200 3119
9128 5241
7383 3350
5302 1116
6457 2537
12074 8010
9216 4086
12714 7539
14983 10928
5124 1093
7199 2638
4702 703
5073 1112
9408 4963
14125 10210
4537 525
7668 3691
5624 1567
7123 2165
6101 2122
8456 4418
9198 4821
7687 3485
8506 4292
5906 1920
8105 3945
12134 7101
6184 2068
6317 2249
6793 2618
9352 5247
4995 945
12068 8075
10079 6165
10552 6265
7089 3018
7239 2917
7642 3572
4996 949
10569 6094
15045 11094
5352 1330
13007 7270
5045 769
8000 3585
13393 9272
7462 3166
9704 5416
6574 2515
6572 2340
12925 8822
10083 4914
10599 5853
9572 1550
8555 3071
6903 2501
7739 3483
7880 3543
5133 1107
8597 4537
11240 6953
8167 3969
12097 7991
5389 1228
10639 6530
16159 11233
11686 7305
5506 1234
7437 3311
15438 10825
5969 1853
11562 7444
13221 8468
9920 5380
10672 5929
6991 2857
6601 2377
11519 7250
5958 1709
10851 5518
8729 4321
9702 5471
14473 10306
13332 9061
4612 484
11988 7710
14758 8320
7875 3615
5850 1568
15676 11536
8264 4060
5434 945
14656 9478
10186 5970
9840 5337
5901 1527
16350 12112
7800 3348
8667 283
12054 5611
6264 2107
11062 6363
9375 5115
5587 1007
9522 5082
7849 3222
5697 1130
6647 2304
13868 9134
9590 5167
9195 4796
9159 4860
4658 299
11266 4745
13271 9051
13560 9291
5537 1144
8439 3859
8466 2657
8708 4390
13029 7647
7653 3160
12307 7859
11747 7497
8292 4015
13692 9403
8234 3932
13526 9183
8437 4071
9732 5482
8382 3986
8256 3881
10548 6079
12780 6941
6156 1118
19861 11981
6118 1570
7633 3191
9260 4934
10516 4722
9981 5515
13875 9338
9767 3143
17541 8722
16375 11954
6701 2334
13907 9469
12568 8016
8131 3078
9816 4948
9900 5544
8003 3324
9438 5118
9739 4315
6678 2248
12936 8004
13711 9355
4591 196
6630 1897
6331 1786
7499 3129
5405 803
12749 8328
6893 2393
10464 5337
5408 986
9025 3825
13311 8762
18896 9380
11676 7253
10212 5795
13448 7850
9867 4801
5855 1328
11709 6768
7360 2923
11576 7131
9888 5003
9552 5019
16269 11240
10475 5808
11257 6583
5728 1258
16150 11581
9935 5187
19092 13250
7926 3206
7949 3494
12572 7840
5462 619
7647 3216
7302 2649
6238 1513
13855 8997
9860 4386
13772 8377
12418 7840
10469 5653
12254 7721
14174 9415
5859 924
14073 9457
5991 835
13195 8596
9588 4975
6053 1491
12307 5928
10081 5458
11824 7159
9271 4517
12158 6392
7377 2782
10725 5900
5826 1106
11629 6685
11531 6877
8753 4134
12062 6448
14883 10201
13132 8305
5821 1305
4951 308
9740 5015
5130 411
12042 7437
9522 4850
9195 4590
9486 4742
11643 6363
5874 1165
13959 9250
8268 2751
9114 3646
15181 10393
13531 8841
11527 5756
9051 4304
9868 5227
10681 4921
10135 5046
9221 4361
6184 876
14877 10172
7240 2426
16765 12010
11769 6308
8381 3309
8212 2300
7117 2480
6277 1440
10323 5104
7921 2805
11112 4963
10278 5263
9109 3925
7771 2919
6484 1606
5592 783
9860 5032
10701 5949
8667 3777
8475 3620
10924 5735
12934 8113
15639 6150
8884 2184
8488 3522
8257 3213
11061 4675
6194 1412
15660 10862
15031 6660
12197 7370
8637 3895
12746 7965
5338 549
12612 7608
21563 11959
7905 3197
13426 8533
5030 229
7117 2325
14289 9269
8508 3573
16159 11249
9140 3912
6057 1187
13516 8663
11085 6114
13428 8516
9132 3798
8997 4148
11041 6147
11713 6504
6148 1187
13068 8164
11661 6667
13045 8058
6613 1328
8248 3430
15294 10217
5373 533
16176 11169
17413 11907
11492 1803
9451 3972
12531 7510
11853 6578
12935 8056
7771 2942
9404 4411
6100 1261
12407 7304
11837 6463
7630 2531
17529 12566
9927 4804
7530 2434
8939 4040
9455 3412
8995 3588
11993 6844
7858 2761
9025 3279
5420 383
11838 6601
7393 2329
12228 6841
12941 7428
5474 329
20366 9062
7771 2814
5480 538
8433 3470
8893 3927
9757 4754
6500 1160
12622 7555
12086 6447
5565 575
8259 3142
7933 3019
10537 3373
9237 4070
13160 3113
6821 1591
8913 3712
6092 706
8893 3718
5941 739
10667 5642
13134 7991
11622 6575
6759 1646
11297 4813
5467 377
13171 7691
6861 1082
9988 4890
9601 4306
9378 4005
14387 9217
10781 5576
8905 3727
15344 10241
10847 5673
8659 3651
7197 1914
5636 483
7675 1924
13770 8490
6013 979
8352 3006
8756 3275
16558 10798
13192 7924
7940 2773
14090 8933
15529 10242
8125 2999
11320 6157
18434 13229
13504 8297
17966 10645
14475 4151
14901 9712
7986 2324
6068 891
11160 5910
6775 1572
11181 4638
19653 14283
7534 2029
12804 7228
10090 4723
19060 12145
15548 8686
15304 10153
8703 3514
13445 8352
10210 4932
7574 2336
11830 6489
12433 7155
15791 10504
12091 3658
9743 4326
17929 11187
16222 10708
13979 8715
7366 2107
15910 10661
6440 1139
12636 7067
11260 5945
14549 9242
12259 6393
7579 2297
14576 9310
12276 6937
11098 5720
6394 1059
10871 5664
7053 1500
6603 1046
14944 9511
8083 2615
7589 1978
9285 3905
9748 4257
9392 4053
12105 6798
8281 2707
8829 3497
15254 9563
11975 4612
18480 13112
19596 14012
17708 12075
14909 9309
10556 4960
9291 3789
31148 25520
11886 5722
13367 7947
14537 9212
11039 3459
7363 2006
5576 197
5821 477
14183 8741
18093 12507
24743 19061
14962 9608
11106 4394
11427 6003
12817 7499
6015 454
8090 2649
12623 7101
12721 7194
10966 5349
11194 5733
8558 2956
18783 13083
11482 5968
10590 5072
7601 2082
10100 4637
8806 3177
12401 6947
7529 1961
18398 12646
6415 865
12670 6087
8103 2655
12118 6371
10327 4842
6390 814
11984 6419
6264 799
16673 11215
16738 7706
16953 11396
20895 10060
6987 1556
10572 4887
13849 3027
18089 12677
8173 2730
15019 9492
14819 9119
10357 4768
6800 976
14947 9231
9013 3192
18539 12939
16873 11169
17327 6255
5913 330
16655 11044
12175 6567
10547 4963
14088 8325
8692 2859
16368 10514
8490 2883
12385 6769
10867 4505
19058 13235
8654 3023
7449 1859
19384 13699
10285 4747
6961 1264
15324 9131
6825 1265
11731 5833
16684 10868
6935 1083
15387 8844
10519 4508
8115 2327
6292 461
13768 7809
15507 9157
11899 6205
16329 10460
16934 11114
15385 9741
7766 1892
6915 1186
7253 1645
15959 10278
7571 1859
9797 3786
12096 6211
6075 430
11646 5158
10014 4266
13265 7640
16257 10373
10567 4822
14438 8329
7371 1624
18395 12535
27247 19697
18848 13075
8094 2487
12285 6613
19361 13758
16373 9607
11627 5679
13357 7604
13245 7306
18311 12447
8609 1954
9784 3991
14490 8786
7746 1590
10375 4385
16831 7564
6061 315
9083 3292
9359 3454
10662 4448
5990 265
8314 2451
7431 1437
8127 2230
11688 5877
6956 1060
9025 3107
14383 8390
14712 8668
11636 5752
12235 712
6220 495
8609 2778
14187 8426
11554 5801
10314 4527
6715 865
8220 2083
16130 10253
7095 1210
7949 2114
9804 3901
12398 6544
6687 867
18556 12338
16503 10326
9778 3963
9667 3146
8617 2573
7423 1562
12364 6556
18668 12731
7798 1658
12382 6513
11943 6045
17170 11357
16611 10542
10325 4235
7005 846
9790 3902
10962 5040
19520 8961
11439 5490
10021 4015
16301 10304
15258 9332
20291 13857
25793 18785
13114 7067
16627 10205
13285 7270
17092 11152
15015 9033
16154 9978
6734 552
8361 2274
22728 16720
12632 6294
10109 3973
8809 2754
8801 2604
6943 921
17263 11232
25692 18928
6288 339
7861 1849
17202 11033
11939 4432
18268 11616
15097 8831
13437 7514
10975 5026
9066 3006
16693 10517
11781 5793
7477 1477
16123 10107
20763 14474
15135 9060
12259 6236
8923 2832
15897 9570
12497 6238
12299 6045
13103 6867
8510 1975
13438 7433
20018 12973
15115 8695
11842 5285
9105 3074
13377 7313
12855 6529
7105 657
14556 8293
9469 3384
14601 7979
16353 4234
14450 8436
11335 4903
12410 5963
12950 6878
15646 9559
21027 14999
21250 15182
11728 5717
15830 8144
12086 3804
14079 7800
6852 509
9181 2940
6897 711
6695 468
20641 14279
7124 707
23284 16732
10299 4066
7745 1604
7041 868
29463 22934
20687 14372
7244 1021
9993 3744
6439 271
9806 3653
13274 7167
16086 9405
12822 6606
14072 7785
19911 13718
12381 5906
14267 7995
11430 4745
8943 2380
11189 5039
21790 15626
10111 3375
12936 5974
15075 8687
9235 2596
16718 10020
17616 11342
9578 3229
18801 12533
7480 1192
16093 9006
13964 7454
20504 13767
13173 6629
13307 6385
7801 1535
6908 533
9261 2744
12220 5946
11297 4701
7131 588
7758 1468
13238 6783
8574 1731
15947 9392
13279 6139
10516 3725
18908 12614
13371 6955
11499 5144
10169 3795
11190 4296
17289 10221
11123 4812
7597 913
18457 12103
10207 3313
8755 2168
32612 24635
14254 7736
13643 7081
12962 6573
13865 7393
18332 11917
11387 4887
8469 1642
9441 2923
10541 4178
10002 3578
15889 8958
22391 13434
9228 2733
18065 10933
8925 2519
12589 6086
7429 810
7127 495
8835 2465
11638 5255
8222 1746
12078 5692
11789 4768
9610 2673
14704 7994
10312 3634
12772 5464
13642 7074
10877 4329
18238 11737
10234 3789
16230 9303
11757 4999
13501 6961
10737 4303
8472 1941
9743 3029
13225 6689
13143 6394
11898 5427
20905 14315
14402 7843
19760 13073
16833 9937
8713 2182
10613 4120
15685 9106
17706 8683
13946 7498
18761 11983
8882 1644
15133 8143
7623 1044
22268 15696
16869 10338
18038 11202
18256 11738
22638 15936
10102 3425
17402 10678
9806 3116
9829 2827
21575 14713
14334 7801
11132 4011
9006 2039
22267 15513
11085 4418
16392 9305
12912 6037
21699 13180
13100 6517
14958 8120
14496 7079
28309 21714
14970 8266
22413 15413
8052 1225
13428 6363
14205 7606
7726 1158
15984 2907
8579 1833
16497 9528
9542 2900
9172 2429
10666 4061
7572 597
7768 704
10916 4215
14001 7016
15165 8498
7643 999
8071 1385
10106 2962
7280 577
11068 3287
8146 1476
16088 8168
16427 9451
21115 12921
27131 20502
9603 2821
20893 14203
25019 11575
12970 6036
13310 6639
8351 1657
17328 10640
20113 12959
9199 2309
13953 7040
10446 3571
14291 7545
14933 8214
19022 12178
13257 6471
14960 7857
9176 2229
19306 12142
21397 14104
10940 4229
8573 1628
8986 2038
13695 6745
11710 4343
20460 13606
23842 16813
18746 11756
26258 19345
12369 5562
7658 908
44893 37710
22636 15860
22515 14285
10498 3576
16816 10013
9899 2663
19020 12131
15372 7664
14037 7024
7803 833
8244 1315
17346 10265
16116 8356
16942 9937
25501 18527
12252 5316
11865 4622
16787 9738
17948 9404
13513 6644
26489 18945
14576 7703
8778 1807
12153 5182
9445 2450
23192 16251
16987 9771
13046 4985
25410 16469
12232 5424
19582 12670
18150 10393
15773 8309
12759 5830
13566 6670
8716 1580
10845 3526
18088 11053
13933 5847
13665 6697
9698 2654
12502 5351
9226 1648
8093 896
18927 11989
10388 3384
16874 9919
17147 10155
17583 10668
14516 5825
9788 2611
21880 14650
9068 1995
15219 7782
24630 17146
18883 11949
17395 8009
10480 3559
20135 12726
9696 2659
13831 5765
10012 2975
10314 2988
16341 9437
17932 10823
15694 8761
7492 324
14294 7384
25366 18340
20627 13638
18495 11483
11361 4177
9463 1400
21962 14906
14124 6905
15300 8035
8738 1113
10286 2924
13726 6634
17363 10306
14814 7709
15110 7971
15032 5569
28756 21510
12072 4783
17336 10051
12633 5554
8212 965
12247 5206
10082 3068
20140 10745
14000 6827
11947 4800
10960 3746
11464 4263
23469 9142
10334 3208
15736 8728
15171 8086
20421 11958
9016 1167
11333 4149
8014 790
15977 8701
13799 6541
8321 1006
12943 5688
17743 10456
10401 3096
16896 9638
11571 4129
10123 2905
18923 11635
8499 1339
23447 12231
11333 4067
10536 3319
13911 6715
13889 6527
17601 9961
11566 4226
11032 3452
11933 4220
9860 2137
13525 6335
11444 4172
12026 4762
14295 7136
28346 21165
15138 7690
14151 5749
10362 3021
23518 14854
12913 5612
14026 6654
12323 5098
19991 12776
16473 8332
11121 3647
10176 2932
30484 21952
11410 4123
15047 7640
12612 4810
16714 9197
12100 4847
18168 10825
26539 19135
15595 8157
7998 673
22383 14617
12569 4167
12631 5356
18588 10916
10161 2861
21214 13865
19145 11553
8679 1201
10022 2265
21026 12777
17915 10292
13520 5644
12628 5033
21151 13449
8376 991
13666 6198
13860 6533
14420 7057
16691 8384
16610 9037
15892 8436
18044 10702
19171 11629
17767 10304
27112 19407
9733 2132
15741 7547
12325 4914
11969 4387
10154 2752
15464 7827
12370 5008
7933 584
10571 3204
15800 8466
30000 22622
16442 8976
18776 10737
17782 10180
11009 3678
20187 12780
11757 3920
18133 9791
13879 6302
20079 12558
8495 1015
31819 24239
15534 7912
8353 790
12491 3520
11875 4442
16286 8178
14428 6762
20049 12488
10922 3198
24325 16845
12952 5351
21905 6858
11419 3805
18117 10674
9809 2268
16447 8767
12926 5289
13923 6515
14920 7361
11290 3463
16745 9161
24281 16640
12519 4840
21990 14576
11571 3880
20339 12816
14179 6454
12397 4665
30301 22758
13511 4466
21771 13679
13198 5641
19602 11839
10401 2823
20823 12699
12700 4433
17612 9665
14017 6417
16251 8725
17521 9747
13657 6001
15885 8002
16473 8741
18232 10469
19262 11573
23399 13565
19010 11485
11658 3923
15280 7402
15125 7558
15126 7389
12369 4793
21481 13931
19630 12089
11242 3481
14692 7040
12995 5270
16527 8661
20058 10833
12641 4858
20740 13082
20299 11734
10655 2967
17284 9486
20595 12830
18922 10929
9055 1243
15716 8087
21076 13349
27552 19599
15829 8152
16073 8319
14274 6361
37598 29537
18377 10578
8885 1004
14310 6511
16349 8158
12816 5090
19985 10378
13945 6075
9901 2216
14299 6491
11255 2595
19601 11801
23807 15873
14781 5632
11746 4047
13078 5019
11164 3453
12975 4952
9699 1931
11447 3030
28084 20328
13744 4782
11201 3215
11259 3325
18518 10264
24569 16594
11778 3235
17767 9910
16759 8965
12121 4333
19294 11289
8338 557
18775 10710
9365 1449
18399 10474
25302 17314
12254 4552
25323 17554
17794 10048
12102 4282
9169 1361
18258 10181
9100 786
9977 1828
20181 12263
22593 14694
8664 630
14085 5842
18373 10374
25239 16283
24226 15198
9854 1651
18771 10891
8663 718
15460 7426
19819 11900
21349 11251
12008 4042
25185 12648
24318 16392
18845 10875
17876 10031
11519 3677
16918 8867
13899 5980
9309 1300
30133 17258
23175 14246
15739 7745
13274 5440
17430 9068
27556 18352
24543 15763
27404 19410
15355 7377
12630 4349
9091 1002
9711 1551
38417 28493
27510 19485
32471 23440
14844 6768
29045 20045
16383 8259
23428 15498
15674 7679
9174 1235
10142 1755
9023 935
19023 11124
11246 2783
19778 8766
20016 12002
19173 11205
23903 15959
12953 3017
23070 15160
12113 4202
17880 9508
22057 14018
11869 3753
9861 1546
10015 1964
10235 1338
21112 12467
8715 681
18515 10462
13638 5459
22802 14793
15296 7196
14772 6610
23655 14355
18379 6463
8369 258
23645 15556
17660 9651
11833 3702
11384 3312
21548 12834
20563 12530
11433 3365
24052 15829
16570 8468
16166 7968
21131 12363
10024 1987
26119 17897
26060 17794
19099 10975
21808 13746
14396 6119
10663 2401
13401 5187
16733 8221
16460 7976
15301 7125
14928 5761
22345 13959
14351 5922
18350 9938
12840 4650
15609 7454
12721 3681
18794 10674
9498 1152
17469 8928
17125 8203
14337 5932
11511 3390
17188 8669
26065 17230
17598 9456
9935 1249
17380 9012
40800 28664
17846 9594
19354 11093
12343 3752
27460 19357
25140 15971
22441 13593
21549 12980
13951 5646
8985 517
20635 12370
12878 4476
13493 4770
17984 7557
10097 1173
10845 2419
9302 1049
20491 12079
10853 2310
10059 1761
14101 5667
14428 6131
26162 17823
9499 1208
16676 8079
17230 8901
30787 22404
22003 13709
17598 9375
23020 14501
14073 5408
22581 13776
30534 18952
19163 10853
14904 6647
11558 3167
10922 2447
9468 1105
23104 14762
9919 1493
17780 9290
13602 5125
10343 1369
17749 9250
21210 12719
15254 6853
25230 16346
17303 8837
14139 5724
11816 3248
16587 7757
10992 2440
16670 8001
19726 11152
14210 5859
8991 634
9336 908
14259 5708
12034 3206
10660 2190
21420 13072
12886 4549
17441 9111
12961 4378
10581 2034
18556 10233
13849 5399
27185 14118
16648 8192
18554 9934
12711 4171
26580 17975
15182 6768
24873 16331
9697 1225
13006 2446
10668 2194
23312 14073
13832 5399
11057 2049
14534 4740
23989 15532
20467 3047
14553 5611
10065 1098
19058 10459
19633 9570
22575 13964
18240 9823
32355 23294
16906 8286
14262 4246
19608 11101
21504 12999
16969 8400
17583 9085
16590 7974
9887 1007
10227 1136
10435 1389
9305 682
41839 33093
21551 13002
13621 4488
11940 3173
19704 11183
20155 11341
19828 11138
23899 15344
12600 4062
23657 14891
12385 3822
19237 10548
25217 16536
31814 22914
12697 3832
10364 1651
24303 14924
13398 4808
22373 13819
19923 11128
20864 12274
24966 16435
16514 6368
22545 13543
15817 7087
21998 13301
10863 2096
10155 1332
22685 11147
18326 8032
16936 5612
16824 8175
28766 19967
20208 11383
29335 20464
19228 10544
17335 8698
19663 11026
11961 3327
11703 2947
29675 21048
27876 19194
11364 2614
17349 8577
10139 1317
18261 9488
10025 1251
29240 20420
16021 7332
14690 6061
22068 12507
22764 14128
44816 36168
18210 9493
38780 30040
17499 8550
13150 4276
23910 14888
12570 3238
10125 914
19605 10786
10880 2041
19791 10040
16216 7249
17232 7775
10275 1420
21859 13020
18304 9235
23435 14727
17585 7806
17448 8401
11017 1770
12901 4047
16206 6891
12546 2684
11865 3005
14421 5222
17821 7609
20576 11833
20063 11172
22668 13876
17092 8010
21824 12594
26891 18127
26921 13581
19948 11108
14881 5978
19826 10928
11481 2529
14683 5807
26071 17051
19214 10412
13416 4426
13812 4663
19895 9500
19148 10126
30982 13216
22064 13158
20952 11677
19597 10673
17939 8457
28144 10740
26926 18085
18835 9717
18215 9166
16330 7525
10013 1169
10209 1101
27202 18292
24992 16118
11946 2892
18061 9201
35148 25327
19027 9607
13783 4823
16098 6939
12713 2902
21017 12046
15220 6255
29508 15350
24963 11041
25408 16200
10060 830
17202 8128
19662 10764
14670 5638
10529 1391
23908 14819
21416 12223
14125 4630
18433 8753
18290 7172
24467 15356
23079 13288
9265 245
13164 4167
14879 5800
26781 17667
29864 20310
24423 15320
16410 7316
11831 2659
23753 14790
20185 10753
12311 3295
13811 4731
20525 11471
14571 5380
9535 402
21920 12850
10164 1008
10739 1570
18257 8389
23849 12595
11097 1348
26605 15050
12450 3323
17519 8353
10140 946
11551 2379
11469 2428
22888 13251
16023 6966
10834 1649
26961 17929
16872 7235
21751 12497
15023 5536
32019 13622
27166 17955
9503 365
22974 13755
11160 1772
26707 14812
19675 10505
14953 5818
17782 8585
13049 3252
13404 4237
10407 1204
29220 19184
21964 12763
9832 526
17023 7902
12605 3357
11517 2313
11612 2366
25457 16149
32167 23028
18284 9031
11866 2021
23696 14572
19282 9962
13033 2714
23999 14752
20179 9903
9675 456
11160 1955
36584 25612
22755 13588
13999 3771
22796 9153
26875 17633
25528 16133
25848 16530
13373 4085
26252 13153
26181 16902
13863 4338
16615 6167
14392 5097
10605 1321
19008 9733
10646 1303
10671 1165
11227 1941
14641 5390
25953 16598
18331 8783
9913 708
15620 6038
20138 9462
17081 7706
25365 13648
36226 22057
29070 19769
13650 2765
15801 6379
18719 9354
11832 2493
22012 12575
11580 2022
12308 2411
19388 9708
11010 1745
14621 4940
15649 6316
31026 21703
22985 13674
14992 5391
16500 7164
18436 8905
24114 14581
21017 11475
13355 4020
17495 7891
39073 29511
17865 8427
11513 1240
13629 4309
10828 1351
11493 2024
9762 335
19392 9822
10119 764
14708 5347
24396 15089
24026 14166
28583 19073
30319 20952
18833 146
14479 4986
16306 6911
14659 4957
31173 21712
22059 12696
10113 664
13432 3999
16154 6646
19797 10042
25390 6522
24158 14652
15162 5557
11771 2315
12787 2897
10624 806
10598 794
14338 4888
15723 6023
11152 1493
16643 7073
31062 19986
13045 3595
23929 12573
27168 17353
13651 3820
10277 813
16785 7271
18799 9235
25595 16087
20927 11437
31764 19325
16227 6733
10998 1484
17165 7365
14408 4645
22942 13295
11961 2351
13218 3036
15531 5634
14908 5408
10048 454
12707 2949
20466 10642
20303 10661
19600 9758
15946 6361
15997 6456
12263 2040
16378 6531
14807 4963
18093 7499
16005 6304
40334 30684
29512 19748
13959 4304
10879 1236
28755 19040
12761 3028
21017 11454
12485 2869
13024 3283
35949 26363
18362 8756
14709 5148
13670 4098
23462 12391
18432 8734
19979 10162
17615 7652
17752 7846
22333 11234
21621 11790
16554 6694
27681 17849
19771 10139
39725 29956
20973 10464
17163 7325
25141 5830
20121 10186
36313 25999
22889 13014
26618 14793
16446 5674
20871 11045
13401 3627
21350 11376
25996 16199
14430 4744
23790 13839
19040 9309
28903 19165
16236 6392
12907 3197
19438 8506
9909 186
21884 7587
11414 1382
26045 16248
25948 16011
16194 6021
11532 1481
11786 1972
15053 5077
17267 7259
23098 13230
19284 9380
19175 9353
31559 21604
11670 1553
24756 14715
36295 26300
16809 6964
30431 20226
10310 457
18645 8179
18915 9110
19926 10136
27416 17485
16127 6266
31022 21250
28650 18615
13580 3837
17727 7666
12357 2535
12416 2523
12946 2919
14323 4497
24676 14656
16383 6237
11961 2027
16709 6774
22794 12740
26152 16321
14748 4708
23711 13770
35928 25778
27198 17352
20170 9902
11218 1273
22590 12141
31803 21859
13885 4056
17474 7311
23587 13746
19810 10014
12847 2861
26709 16741
16554 5823
20737 10752
19145 9231
11968 1838
13942 4116
27040 17108
24926 15004
19087 9091
39368 19320
15333 4407
33231 23280
16333 6355
26250 14955
13453 3070
14139 3905
18470 8421
23270 13171
19907 9885
12268 2274
17476 7553
15067 4896
32071 22003
29404 19429
25721 15798
18689 8499
18683 8710
21361 10811
31857 13340
14323 4176
20205 10057
18995 7988
20623 10536
22029 11911
14754 4312
37257 26469
14754 4775
23314 13299
