211 103
176 94
150 57
265 191
263 132
214 108
225 148
349 241
157 76
212 110
113 24
201 118
151 60
263 181
194 112
219 136
159 73
244 164
193 109
184 102
290 216
210 111
105 15
168 88
118 31
154 75
207 120
169 86
185 101
122 32
204 14
478 298
515 138
644 473
423 240
235 27
315 130
346 160
244 47
284 103
348 170
458 290
561 303
438 258
396 225
284 104
624 443
627 448
534 353
612 417
344 160
337 147
439 256
389 202
440 257
259 76
324 135
481 304
499 319
374 189
331 48
902 618
642 356
745 462
411 134
771 420
352 68
395 109
417 133
656 79
431 126
329 44
351 65
714 318
585 284
778 504
529 242
680 396
519 231
686 400
582 260
876 602
463 178
675 384
561 278
450 168
558 276
807 533
733 456
389 112
1159 782
837 437
910 521
1486 993
1289 911
817 436
446 60
525 142
652 284
590 206
914 540
786 400
443 48
946 575
1391 1018
1384 1004
587 204
835 454
491 111
417 21
901 518
681 300
1341 964
1080 706
966 463
473 75
866 495
1062 694
1137 760
516 133
762 277
973 465
1699 1231
870 386
1030 515
721 204
565 64
753 268
1005 475
794 291
1206 729
763 266
641 139
610 130
559 68
1671 1203
726 201
705 212
517 30
1123 617
1191 725
1451 973
830 349
1030 547
575 89
1063 592
717 221
901 402
1438 942
863 374
1052 480
1443 874
843 260
678 86
1144 556
1055 484
1328 752
715 138
1238 660
1183 612
1755 1177
1512 925
1020 451
1201 630
1562 979
1097 512
699 118
1934 1360
741 161
897 260
1719 1150
1074 494
1723 1148
1361 791
1588 1011
669 89
1051 473
876 296
1086 502
2376 1799
1693 1021
921 241
1084 406
1412 734
1281 600
1672 1001
864 186
1430 751
1342 629
1315 635
1526 849
818 126
1747 940
1141 462
2055 1277
908 228
1187 509
1524 847
841 159
859 188
2311 1640
817 131
1004 321
1427 768
1040 366
871 169
1243 565
935 255
1192 509
2554 1756
2025 1242
1266 459
1198 384
1593 798
868 88
1076 299
1669 892
880 91
1028 245
1364 570
1747 878
1369 596
2367 1579
1296 513
1396 622
1510 709
2175 1408
1145 235
867 75
2795 2022
1693 916
1675 887
1326 522
2322 1499
1436 659
1518 738
1156 382
2010 1242
2109 1346
1415 636
1456 580
1723 849
1251 377
1538 658
2459 1579
2967 2097
1869 988
1709 819
2896 2024
1365 482
1610 624
1591 717
1092 160
2084 1143
1361 482
2528 1650
1052 183
1996 1121
1541 653
1678 789
1091 208
1711 835
2005 1135
1481 610
2202 1322
1737 852
2460 1567
2504 964
1770 862
1749 826
2713 1745
2852 1848
1301 315
2816 1839
2147 1169
2130 1149
1964 987
1550 570
1826 855
1301 315
1581 591
1139 158
2523 1552
2160 1183
1231 250
1319 338
1214 227
1277 283
2145 1107
2089 1109
2193 1212
2244 1261
2522 1560
2193 1218
2012 981
2312 1341
1638 651
1411 428
1994 1021
2459 1485
1280 184
1813 739
2226 1134
1602 525
5701 4630
2449 1370
1647 564
1624 522
1268 188
1734 356
2091 1017
2420 1343
2640 1579
3802 2724
2327 1250
3080 2014
2815 1744
1216 118
1770 680
1179 96
1740 661
1937 686
1194 113
1895 824
1128 43
2206 1133
2209 1128
1213 125
2967 1883
2405 1280
2698 1524
3649 1969
2024 843
3346 2182
1246 56
2084 881
2058 666
1541 339
2119 935
3790 2573
3340 2154
2590 1416
2731 1555
1748 572
3176 1990
2825 1647
2218 988
2502 1333
1411 218
3442 2254
2244 1069
2141 960
1363 154
1868 689
1227 41
3499 2198
1680 481
4237 3077
1725 542
1592 411
4603 3331
2396 1117
1904 635
1481 191
2307 1021
2365 1084
2940 1662
5423 4161
3195 1930
1906 622
4369 3093
2179 913
1457 139
1741 368
2120 837
1918 637
1631 340
1540 257
1631 345
2700 1423
2110 836
3375 2099
3054 1782
1566 242
2661 1370
1495 213
2554 1279
3245 1971
1455 154
2457 1173
1756 376
3225 1829
1874 503
2813 1440
3704 2323
1423 34
3064 1681
4255 2883
2406 1028
1481 96
3758 2351
3059 1684
1759 384
2035 657
3160 1789
2492 1100
1971 479
4478 3100
2065 685
3323 1973
3831 2452
2111 729
2096 717
2203 829
1937 549
2173 789
4849 3452
1953 570
2961 1025
2696 1310
5052 3584
2927 1435
1899 413
3725 2251
2776 1302
3493 1966
3095 1622
2835 1340
1682 196
3516 2048
3731 2253
2965 1480
3442 1966
3825 2350
4913 1960
1574 88
3125 1657
2910 1420
3185 1712
2179 705
3097 1554
4368 2900
3299 1828
2227 751
3466 1985
3170 1699
3299 1821
2138 663
3986 2515
2981 1503
4760 3182
5076 3499
4429 2824
4086 2515
1863 268
2640 1061
3692 2112
2435 863
3120 1547
5311 3730
4170 2601
3640 2029
5447 3872
2353 747
3064 1490
4184 2561
2779 1175
1779 177
1878 271
4606 2852
2382 805
1799 202
1715 129
4303 2738
3071 1493
2603 1025
3868 2305
3729 2161
2276 692
2929 1351
4469 2785
3425 1742
3061 1387
2862 1101
2391 715
4119 2417
1957 271
2835 1149
2131 445
3074 1403
2656 977
5261 3590
3198 1530
4642 2972
5259 3592
4223 2505
3163 1406
2716 1012
3570 1899
3985 2304
4250 2576
4007 2335
4017 2327
2621 936
3713 2042
4197 2535
4513 2842
3683 1994
1887 192
2216 539
1824 35
4135 2354
3957 2166
6101 4296
2566 804
2369 562
1814 24
3615 1837
5055 3288
3243 1481
2880 1098
6581 3452
2112 328
1871 88
3202 1428
4079 2320
2945 1166
4526 2692
4378 2603
2274 501
3998 2163
3617 1838
3813 2042
3183 1399
1964 150
2834 1044
6063 4283
2910 1100
3390 1595
2284 503
5542 3638
4241 2378
5169 3294
5230 3361
2461 317
2908 919
3985 2098
7598 5727
2099 141
5429 3565
3461 1584
7051 5181
2711 831
4234 2352
2309 418
3095 1217
4250 2195
4349 2474
3138 1259
2930 1006
6673 4805
5735 3879
4845 2962
4558 2681
3609 1739
3910 2046
2511 644
2465 586
2598 724
3743 1823
5659 3674
4783 2806
7793 5826
3190 1218
5980 4003
3346 1367
3362 1354
3746 1740
4418 2450
2220 234
2167 176
6131 4157
5254 3286
3595 1599
3484 1449
2381 387
3736 1769
3018 1042
4023 2049
5201 3225
4849 2888
6264 4293
4150 1096
8101 6135
4613 2648
4003 1847
3745 1671
2732 669
7828 3841
6754 4781
4814 2670
3570 1487
2418 326
6022 3892
6091 4023
2778 694
6207 4133
5637 3557
3935 1862
4718 2644
9750 7690
3545 1469
4550 2469
4007 1932
5274 3212
4143 2071
3626 1559
2655 569
3769 1697
6653 4586
3711 1650
4243 2163
5384 3305
4455 2375
4160 2085
3954 1861
8234 6168
2395 317
2565 486
2968 894
4942 2768
4070 1888
4593 2419
2982 786
4380 2203
2719 539
4442 2259
4794 2623
4823 2648
5387 3207
8838 6659
2675 495
3977 1806
6051 3881
2670 487
2420 240
7679 5511
3644 1446
3431 1211
5384 3202
3406 1235
3458 1269
6345 4156
2709 531
3600 1426
3037 849
5074 2905
5190 3011
4136 1968
3112 918
5785 3516
4080 1808
5735 3467
7701 5442
2848 572
3375 1099
2900 623
4550 2233
4824 2521
4569 2294
4382 2108
6036 3767
4632 2357
3908 1591
2748 471
4311 2041
4568 2258
8464 6195
4397 1904
2513 233
2911 640
4416 2143
4673 2396
3653 1377
3087 811
3068 788
6323 4062
4165 1877
4629 2343
4429 2151
3675 1288
6799 4423
2778 383
5294 2920
3866 1486
4200 1812
6231 3871
3927 1546
2701 311
7234 4868
4675 2276
4508 2139
2446 57
5916 3545
6102 3718
2430 44
6847 4485
7768 5397
6706 4341
9229 6855
2733 353
2482 98
2460 76
6076 3713
4985 2572
3026 650
5400 3021
6074 3697
4933 2550
4419 2048
3225 749
5110 2627
6061 3597
5380 2906
7745 5267
7065 4592
4384 1906
5954 3484
6462 3992
4546 1967
3855 1387
3260 784
5162 2677
3739 1263
3193 719
5516 3042
9067 6607
7987 5516
2587 108
8615 6139
4908 2440
7794 5331
8642 5935
3406 769
3686 1194
5669 3172
5588 3105
4696 2221
4415 1938
3788 1311
4913 2334
8334 5777
3077 492
3641 1058
11624 9053
5134 2474
6478 3906
3806 1224
2976 393
4423 1842
6561 3989
5728 3137
3289 709
6641 4068
6291 3720
5187 2618
4383 1559
3005 419
3164 581
2961 375
5914 3350
8330 5757
6811 4245
5687 3120
4172 1592
3249 662
10526 7950
5547 2971
6632 4059
3092 476
6989 4315
3740 1065
8848 3488
6333 3666
8037 5387
2909 224
4740 2078
4803 2127
5465 2777
4750 2092
3111 421
4112 1437
3327 651
4589 1917
4016 1354
6130 3446
4343 1676
5617 2950
4916 2222
4737 2064
5817 3156
3365 387
4593 1909
5883 3206
2853 165
6705 3840
5110 2436
5510 2849
4121 1368
5509 2832
4067 1284
4102 1319
7896 5115
4076 1301
4652 1880
7321 4544
4196 1416
6481 3713
3905 1125
3101 320
4038 1258
9024 6236
6680 3897
2991 205
6314 3525
3995 1227
3068 282
5725 2953
6684 3919
4842 2037
3332 561
3558 720
12942 10185
3557 791
5717 2942
3876 1094
7156 4388
6954 4170
4205 1336
6704 3950
8804 5925
2990 107
6839 3949
5440 2556
4557 1533
3272 375
6132 3250
8707 5845
6195 3329
6960 4091
5691 2823
6251 3377
5147 2267
8036 5155
4909 1985
4299 1415
3921 991
6061 3187
10424 7565
5811 2910
3359 491
5864 2990
7699 4824
7108 4209
7351 4478
3964 1005
3280 369
4513 1636
10438 7580
6449 3576
4348 1383
3981 1003
9265 6228
4946 1970
11793 8820
8418 5441
5730 2763
5976 3010
6235 3259
3159 183
9680 6713
5834 2862
10272 7299
5855 2729
5972 2986
3678 678
4512 1531
4569 1531
5152 2175
5859 2888
5074 2108
7040 4010
5779 2666
3772 791
7312 4323
8335 5370
8743 5794
4805 1816
3353 372
9630 6662
12618 9544
3540 404
12862 9806
6869 3790
5535 2449
7897 4832
6765 3621
8456 5373
10023 6963
10676 7613
4011 931
7735 4666
6788 3707
4533 1465
8387 5307
4894 1558
8476 5396
6690 3587
7065 3991
6971 3897
7126 4050
6778 609
9623 6063
3748 680
5785 2706
5329 2131
6242 3167
3612 512
4291 1211
6062 2953
5264 2040
3617 451
11207 8040
10775 7603
3635 445
10876 7702
8050 4876
4248 1068
8562 5384
6331 3141
7916 4742
4906 1740
4839 1669
5940 2754
11400 8236
10941 7773
8470 5282
5314 2156
10919 7715
4255 1075
4770 1568
8376 5202
5227 2039
5573 2407
13226 9804
7087 3856
6869 3693
5880 2704
6184 3007
6587 3422
6105 2646
7100 3825
8909 5638
5573 2308
8977 5703
8716 5440
9566 6293
5482 2207
5295 2005
6313 3032
6086 2813
6849 3578
4696 1412
4362 1088
4744 1469
3881 592
8293 5031
6085 2805
5656 2387
7583 4312
6903 3609
6544 3273
6595 3326
7343 4063
11374 8103
6072 2801
7469 4194
3405 122
10074 6808
8721 5459
4584 1217
7602 4226
5060 1686
6091 2724
3946 571
3544 170
5325 1951
4314 831
12390 8951
3904 524
5532 2170
9826 6452
5717 2348
3852 472
3690 298
8244 4865
3810 421
10040 6666
3418 29
6293 2919
7068 3692
11360 7949
7089 3718
7226 3849
6199 2834
11586 8239
4697 1308
6572 3160
5534 2151
20696 17293
8239 4757
5474 1997
8432 4961
7920 4436
3878 401
6281 2803
11336 7838
4633 1092
5283 1807
9303 4843
3649 169
9568 6088
4321 838
9816 6331
5071 1609
8821 5224
4179 685
13759 10284
7297 3827
7524 4041
8695 5202
6253 2778
10778 7313
4354 875
5208 1729
5622 2139
12885 9415
9782 6308
11136 7671
4739 1253
4971 1399
11328 7760
4811 1226
3926 345
6898 3341
7899 4317
9972 6407
6309 2735
5002 1430
3881 251
17940 14378
6920 3345
7459 3885
5975 2399
5042 1408
3982 402
3719 130
5130 1545
11299 7722
5994 2384
11197 7631
7457 3865
7334 3763
6446 2869
6570 2989
4768 1165
12144 8575
5917 2349
5739 2169
3807 223
8701 5027
6468 2781
6755 3081
6324 2648
9147 5465
5914 2149
4169 489
10654 6998
3976 278
8970 5297
4626 889
7046 3377
7661 3987
8475 4789
12849 9187
14948 11283
9444 5776
9882 6213
7426 3754
4371 662
8825 5153
4680 994
5838 2167
8162 4488
7682 4000
6853 3173
8979 5305
6912 3239
5618 1930
7280 3601
7810 4033
4469 706
6356 2358
8228 4456
6407 2627
7690 3912
8019 4239
6658 2889
4492 713
5969 2189
6101 2329
6845 3019
5689 1918
6051 2255
6351 2573
4728 953
7050 3285
8029 4234
6961 3149
13403 9621
9833 5100
4687 905
8182 4367
8781 5008
6746 2930
12331 8566
8055 4288
6447 2664
5994 2206
5236 1468
3952 67
8914 5046
6810 2921
6799 2906
7254 3380
4114 230
5325 1443
7418 3556
12305 8437
4042 160
9226 5368
4445 561
6437 2555
7131 3269
4092 187
5991 2102
5227 1353
8852 4972
6697 2568
11574 7712
8226 4367
8025 4146
9597 5728
4328 450
8263 4387
7348 3482
13863 9978
6973 3109
9232 5373
9158 5292
11016 7043
7273 3283
8339 4371
11576 7616
4495 451
4492 510
7737 3760
5242 1258
5370 1396
5029 1053
7191 3221
6381 2404
7645 3671
11191 7237
11224 7262
4108 123
10943 6971
9608 5627
10245 6230
4529 550
6290 2275
7969 3981
4948 948
7786 3773
6868 2886
8939 4950
8521 4537
7956 3982
8552 4576
9045 5078
10874 6773
6464 2379
9894 5837
8892 4797
5066 985
8217 4153
8174 4103
12965 8912
8224 3999
8590 4513
7711 3619
15269 11199
10097 6020
9174 5097
10445 6374
9458 5380
14110 10017
8423 4327
8664 4517
9724 5592
5684 1597
9733 5671
9854 5636
6179 2099
8948 4889
9617 5548
5968 1896
6631 2564
6787 2716
6301 2208
6267 2091
8861 4347
5907 1716
7523 3349
10818 6648
5431 1244
7148 2924
6127 1956
12246 8081
6388 2218
13128 8953
6824 2607
6284 2096
5022 824
15232 11089
14819 10654
5893 1717
5104 927
8258 4070
13131 8957
8166 4003
6025 1845
10894 6730
5838 1662
11229 7070
18249 14092
8667 4487
8961 4775
4737 540
13814 8111
6458 2180
8248 3903
5490 1202
9987 5695
8910 4652
6235 1955
6449 2166
8584 4320
7895 3624
7533 3225
8579 4184
5207 922
5169 836
6014 1747
8299 4010
8357 4092
5236 961
7202 2910
8727 4458
7328 3054
10945 6673
11090 6824
12460 8198
7474 3202
11000 6729
5295 1021
10370 6114
15037 10748
7971 3691
9640 5366
6217 1761
7583 3223
14152 9788
5285 908
17315 12960
7323 2956
4521 140
8838 4473
8771 4375
6227 1856
4786 240
11099 6641
12090 7713
7470 3054
10951 6577
10387 6031
6535 1985
7793 3381
9660 5274
10696 6321
8204 3818
9156 4775
10185 5808
4791 409
11265 6895
6419 2051
13083 8718
6855 2478
8347 3971
9953 5553
10498 6028
13714 9243
11580 7094
5546 1063
5332 859
10670 6198
5770 1227
5079 608
9437 4975
12589 8076
8999 4536
7031 2556
8791 4319
11108 6629
5000 520
4528 30
9256 4769
8603 3985
14091 9621
8405 3871
13010 8108
6716 2236
4731 256
6386 1911
6031 1566
12629 8171
15939 11464
12764 8296
6813 2336
8604 4135
4755 171
10951 6380
6382 1662
16485 11877
5342 714
8032 3458
4970 398
5252 669
17771 13209
12789 8211
8688 4092
9362 4744
13049 8390
7255 2684
9513 4942
11950 7379
9643 5067
13222 8652
9068 4512
5866 1297
6383 1803
5641 1068
5466 892
5444 869
13776 9179
4815 231
5874 1306
13314 8739
6858 2292
9505 4937
11404 6741
5383 695
8782 4099
4863 180
6259 1591
9795 5121
9492 4818
11926 7267
11324 6650
4966 300
5701 1015
7049 2371
10644 5973
7300 2610
9179 4495
10197 5520
8040 3327
6967 2294
5760 1079
10358 5687
8296 3620
8728 4066
10178 5522
12733 5076
10115 5443
11751 7088
9597 4911
11543 6872
5600 909
11882 7222
11741 6964
4808 19
13454 8686
12241 7463
10096 5320
8209 3403
8081 3314
9286 4527
11155 6382
7488 2708
8686 3912
17719 11826
6622 1839
9534 4760
21293 16534
15200 10427
8739 3967
9819 5054
13208 8443
14176 9415
8018 3217
5034 248
7470 2698
6867 2102
5912 1130
5149 375
11060 6279
14163 9385
7321 2542
16476 11713
12561 7693
16541 11575
11870 7008
15973 11108
8041 3141
9857 4952
5291 403
11511 6642
8736 3828
6954 2079
7738 2872
11878 7013
10518 5648
12993 8028
5355 474
12956 8090
8476 3605
11624 6435
5624 707
9777 4909
6474 1600
9042 4161
16058 11190
15069 10207
9511 4646
12619 7754
13941 9062
5810 930
10276 5337
10688 5809
9901 4915
9307 4336
5813 842
6626 1653
9949 4975
14815 9856
5675 671
14131 9156
16887 11863
10991 6000
15655 10683
16339 11378
6149 1150
5520 537
15161 10206
6569 1595
5435 253
7533 2554
7282 2300
8706 3720
5906 893
17001 12038
5775 795
11721 6756
10142 5168
7384 2368
15743 10745
5129 139
8869 3885
17599 12636
15522 10420
7092 2009
13705 8640
9731 4630
10835 5750
7480 2397
6949 1853
8224 3098
5354 270
8497 3209
7212 2141
9389 4319
5911 852
8477 3394
10137 4967
6942 1863
8310 3233
10720 5642
10266 5183
12043 6978
11993 6917
13175 2989
9625 4561
6170 1086
10829 5695
8207 3132
5863 782
15067 10006
11838 6724
5749 667
17586 12376
10281 5106
7313 2143
14994 9832
8816 3633
6925 1750
10195 5025
11109 5938
9708 4546
16355 11182
10200 5013
13077 7709
10959 5789
7725 2525
7445 2255
17544 12376
8395 3221
10161 4980
6704 1524
19712 14553
13366 8196
8955 3775
8464 3290
7513 2340
5267 69
10757 5592
6643 1470
8748 3574
8591 3419
9349 4192
15480 10208
22247 16999
6833 1099
11432 6157
14627 9350
12083 6808
5609 329
7713 2438
18339 12967
14859 9581
10135 4867
13382 8108
9171 3903
16789 11540
12631 7345
10157 4873
13669 8406
11416 6112
7382 2108
12155 6850
7740 2461
6882 1610
8381 3098
7462 2134
11134 5866
11758 6493
16801 11536
13481 8213
7596 2319
11498 6221
8794 3426
6194 763
11462 6089
12099 6716
10735 5361
11005 5629
14281 8913
17131 11766
10538 5156
6966 1577
11559 6205
14463 9105
8878 3509
5993 614
7421 2048
9102 3726
11277 5875
6525 1148
6424 1028
10302 4930
14190 8780
16223 10850
12255 6866
9030 3667
7412 1172
7196 1803
6283 894
6538 1161
6676 1311
10079 4629
13902 8367
5882 402
15497 10027
9218 3726
7433 1956
7657 2180
7821 2292
11369 5892
6001 525
11460 5983
8417 2942
11783 6254
12197 6729
7976 2475
18687 13213
14863 9397
17500 12033
25492 19998
12199 6728
10521 5061
11357 5885
5888 246
16507 10963
13744 8287
8252 2734
6475 971
8867 3392
14781 9316
9046 3566
7228 1748
9793 4227
7897 2325
11475 5899
8057 2486
11139 5570
8186 2614
14783 9221
6662 1093
12799 7221
13177 7605
10718 5143
8744 3073
13314 7749
8414 2847
12324 6753
12307 6739
13297 7721
8177 2601
12230 6653
10962 5402
13972 8387
12704 7133
21810 16226
7300 1718
8140 2326
9997 4410
8821 3253
15266 9692
15925 9849
8269 2690
13745 8076
7139 1441
8350 2667
7236 1483
9503 3746
5753 72
5871 178
15180 9421
9288 3599
15180 9510
9219 3515
13519 7861
10092 4412
12060 6390
6984 1305
6965 1285
6148 468
7690 1931
6636 889
5936 236
13906 8232
11524 5837
12768 7094
6248 567
10611 4942
7509 1822
9890 4225
8450 2775
6012 307
8855 3184
11203 5410
17603 11835
9930 4139
8192 2399
11280 5507
9067 3293
11737 5967
10936 5161
19972 14213
13481 7710
9754 3980
8151 2373
9856 4081
21852 16086
10249 4480
16334 10549
16535 10767
8314 2534
10151 4338
10206 4440
10557 4794
23030 17275
7885 2105
6117 337
6589 766
7666 1850
16405 10628
19291 13505
11733 5811
7209 1379
10203 4320
12343 6465
6444 572
14369 8487
6892 1011
7659 1779
13022 7153
8109 2218
16563 10695
6249 371
6152 266
11956 6051
17025 11158
9355 3481
7495 1630
8731 2857
12904 6917
14851 8983
12321 6456
6050 173
9092 3120
9903 4032
10286 4410
16925 11074
10357 4465
11131 5254
13687 7810
9278 3400
13346 7479
7744 1859
11682 5708
11201 5233
12737 6738
18029 11971
9213 3221
12164 6193
7742 1764
10642 4666
13129 7146
10212 4217
7993 2015
6522 546
13672 7704
18069 12056
12641 6664
13969 7996
10000 3997
7227 1243
6778 798
17564 11483
17987 12016
14299 8293
14859 8883
11727 5752
11669 5710
10275 4298
12047 6075
9486 3504
23915 17942
11794 5831
21253 15181
9602 3512
7966 1890
13612 7538
7683 1556
13803 7732
14824 8758
8850 2775
12689 6485
14542 8476
10311 4223
21525 15466
15682 9588
10188 4108
12707 6631
19673 13593
11583 5500
10977 4915
7626 1550
7734 1645
11565 5496
9116 3053
10739 3601
14530 8470
12212 6145
18388 12318
8264 2187
7625 1554
13410 7339
18883 12824
13432 7251
15603 9410
11466 5292
10790 4613
14551 8383
7221 1034
13853 7673
14212 8044
22678 16498
7629 1428
19156 12974
7040 828
9493 3313
8459 2285
13148 6976
9191 2979
6555 305
14558 8369
14240 8070
16343 10178
13355 7182
21250 15061
16375 10201
7523 1302
18090 11468
9541 3373
11518 5183
9683 3510
13034 6854
28585 22432
6975 693
15323 8670
13649 7379
20718 14421
11365 5091
13152 6883
19542 13261
7870 1587
15783 9528
14000 7713
14395 8117
11266 4990
13692 7421
16319 9980
8780 2506
11651 5377
13576 7309
14022 7691
11145 4873
10144 3865
14234 7959
8453 2167
15142 8885
11505 5239
9957 3677
12585 6301
9715 3435
14895 8635
18887 12619
13612 7344
10043 3659
32282 20356
16534 10109
11477 5081
17567 11202
14790 8421
9017 2648
9857 3480
18856 12447
18795 12431
17688 11305
13091 6720
23481 17113
12419 6044
12431 6057
13912 7556
11681 5309
11094 4723
10502 4134
6915 535
14518 8131
16337 9962
6927 526
17280 10905
6662 277
13448 6599
10248 3877
18837 12484
12853 6439
7431 1043
12335 5789
14281 7817
14236 7756
7941 1413
19977 13355
7131 628
10270 3796
17232 10765
11111 4646
8944 2480
14145 7676
20035 13568
17554 11039
14481 8015
14069 7596
20274 13783
9959 3459
17480 11008
11079 4614
14262 7796
12084 5600
7445 974
12280 5806
11642 5169
15938 9460
7475 984
19924 13456
10067 3583
13071 6603
7592 1121
7318 745
12202 5640
7403 826
9387 2812
12291 5706
10749 4172
18577 12006
14968 8358
24064 17513
6703 125
13951 7373
12032 5463
14286 7706
11599 5026
11039 4464
10488 3909
22624 16053
18124 11566
12286 5688
26451 19894
11296 4731
9146 2563
10646 4077
17773 11195
14728 8151
16797 10228
14777 8209
7503 916
12543 5916
7584 909
21584 14892
8765 2073
7406 730
9837 3174
10076 3400
11911 5248
11605 4936
8899 2225
18223 11557
15505 8840
17893 11222
9304 2622
8642 1915
16949 10281
19147 12489
7724 1050
10588 3891
13872 7180
16846 10184
14476 7803
23168 16482
13221 6556
11750 5072
21276 14611
8579 1899
16437 8988
10643 3968
15589 8905
9556 2866
12838 6167
10157 3222
7774 999
12070 5298
9965 3174
10385 3610
11782 4987
7441 661
20069 13295
11467 4659
15787 8999
13563 6788
17334 10553
8292 1506
11989 5158
6831 39
15440 8671
16025 9265
28110 21327
10986 4213
17476 10698
19316 12541
11131 4350
26852 20097
13059 6281
13802 7028
13988 7185
12677 5914
10306 3529
7495 712
11205 4405
11853 4982
18645 11774
9047 2170
24823 17964
7784 904
11370 4478
11323 4440
9300 2418
12133 5259
22239 15377
17071 10205
9855 2872
8107 1236
11108 4240
19790 12918
12000 5131
14114 7219
16940 9922
7158 260
14453 7554
8016 1121
11758 4887
13760 6879
16159 9203
16718 9848
12521 5648
9111 2225
8751 1878
14728 7841
14519 7648
17429 10442
12029 5051
7321 351
7814 826
11848 4874
8795 1825
12038 5081
12515 5550
13459 6464
14369 7390
19261 12304
24278 17321
7759 769
21062 14087
17828 10863
13600 6618
19733 12751
7754 750
11369 4387
11664 4699
19201 12214
13357 6381
17262 10294
15412 8450
10831 3845
11395 4391
24602 17631
25004 17969
21789 14818
14661 7687
17175 10112
12366 5282
22131 15069
17632 10559
9653 2574
12601 5525
22357 15277
13237 6169
9525 2454
19841 12763
14327 7254
11512 4391
14627 7553
14585 7509
10704 3609
13872 6806
18581 11500
15891 8536
27292 20229
12296 5226
9278 2201
10873 3786
16897 9824
19026 11877
10986 3910
12968 5101
20124 13047
12925 5847
13218 6159
15698 8609
12284 5110
7987 801
7477 287
16810 9642
9454 2246
27664 20487
13102 5928
17456 10211
10281 3107
19199 12027
11500 4324
9077 1899
13382 6212
24380 17210
29662 22497
11084 3918
20490 13323
24421 17259
12740 5570
10596 3422
9681 2517
18543 11377
19942 12771
13260 6056
16470 9304
14465 7287
21054 13889
11165 3961
8999 1819
8083 885
11261 3993
11235 3933
14421 7119
11126 3850
11555 4272
14802 7510
9658 2322
14075 6798
12685 5410
18218 10960
12692 5424
15941 8664
7562 287
11220 3955
10040 2761
20703 13406
19925 12661
14606 7314
12567 5253
11886 4614
8099 823
13607 6266
7845 553
14381 7089
8900 1621
22577 15297
7728 449
7523 223
17623 10351
15451 8175
16980 9608
18906 11523
15906 8482
7772 395
37307 29946
23440 16072
7749 344
13244 5862
8764 1380
14318 6939
9607 2223
18254 10851
17608 10235
11008 3639
14054 6692
17208 9354
20096 12732
15020 7632
14640 7272
14594 7191
10475 3094
22534 15163
9907 2544
11921 4540
8775 1401
30346 22997
25264 17914
9747 2379
14362 6994
10204 2829
7876 396
20904 13426
11373 3917
8418 908
17527 10061
10964 3480
21354 13883
11151 3620
14164 6689
15351 7824
15868 8406
9205 1712
7783 301
10579 3106
8866 1397
24972 17507
20174 12697
8189 715
12417 4955
10557 3069
12510 5048
11384 3885
32340 24886
16175 8688
18609 11138
13432 5957
17699 10226
18597 11121
18281 10809
14149 6676
10859 3292
33919 26358
14013 6425
8236 658
18116 10542
15685 8126
11779 4202
16976 9415
13700 6123
17818 10244
11293 3737
13426 5849
13863 6283
14732 7161
14965 7378
15050 7395
10764 3185
18644 11076
12102 4528
10950 3347
9863 2271
17710 10140
13597 5950
8755 1175
20230 12670
14458 6896
10547 2966
16922 9352
8419 840
11815 4204
12803 5142
13798 6053
16759 8940
13695 6006
10607 2928
21686 14013
17880 10212
16362 8679
39689 32030
10462 2788
14786 7106
20166 12509
11150 3435
22584 14911
7916 241
20827 13150
20180 12479
19836 12140
8123 440
13241 5567
20412 12759
7787 101
20003 12344
21514 13849
12512 4839
18217 10570
16824 9154
17688 10000
10029 2329
10896 3215
12607 4811
16022 8195
18421 10487
8698 915
18093 10316
24545 16784
15633 7831
12854 5098
13635 5869
14404 6628
20007 12247
12950 5186
13173 5384
25520 17758
13530 5761
17909 10114
16279 8525
19023 11253
15410 7637
24073 16292
13284 5436
20915 13137
11923 4143
18769 10902
14257 6485
18747 10974
11809 4045
22304 14544
24586 16824
19810 12042
8364 491
26843 18971
21669 13793
17409 9538
26203 18329
16420 8540
11141 2848
21733 13842
19101 11237
17695 9820
11523 3646
15015 7142
9086 1206
11641 3762
18512 10634
30747 22758
11278 3161
21481 13581
15365 7494
20408 12439
23665 15793
20159 12292
14594 6720
12212 4332
16497 8630
10037 2159
21904 14031
22589 14718
12523 4649
28798 20946
12528 4534
8947 971
18859 10894
13588 5645
16153 8178
18714 10742
12367 4390
8303 283
8897 902
31883 23918
8007 15
23532 15547
13746 5761
14490 6523
12228 4245
17014 9063
14216 6239
17675 9705
13111 5152
10851 2871
18981 10956
8056 42
14936 6966
13808 5843
18069 10086
12578 4601
13778 5794
15319 7314
15457 7486
10046 2067
16197 8118
24621 16547
12696 4525
10485 2411
18572 10412
14147 6085
20300 12242
22865 14797
13912 5839
17957 9883
9960 1882
13718 5623
9749 1677
16162 8044
12621 4553
8191 73
12005 3907
23484 15428
19441 11372
18795 10722
13990 5928
16314 8230
15800 7724
11237 3168
15261 7192
15695 7600
17120 9041
11355 3284
11154 3079
11075 2992
17550 9376
16754 8455
18249 10063
14779 6607
19409 11223
16362 8200
25126 16953
21161 12994
12468 4270
14523 6352
29962 21799
8464 175
10107 1866
18581 10419
16169 8007
9013 799
27087 18915
22680 14509
20158 12005
10604 2439
17410 9255
32186 24012
13974 5800
12731 4557
9858 1672
18633 10478
16534 8368
13712 5547
9037 857
14062 5897
18553 10275
9316 1036
19432 11140
10578 2242
11404 3128
21295 13012
15568 7297
17146 8866
14969 6695
15899 7619
23296 15043
9362 1063
9019 740
15259 6975
16210 7950
11218 2931
20418 12141
13750 5469
10480 2191
17885 9623
26560 18292
30302 22045
12610 4340
9855 1566
14894 6609
14025 5684
18800 10288
18815 10538
22456 14186
14607 6338
11931 3568
13366 4991
32179 23817
21514 13143
16112 7735
14111 5710
12822 4445
18261 9905
29523 21152
21029 12673
18728 10354
11912 3538
17109 8723
28437 20075
12423 4049
19548 11191
13479 5120
11723 3307
16896 8535
10271 1863
13120 4741
23274 14916
27469 19101
11863 3426
9701 1335
9619 1247
8806 433
17121 8755
28925 20572
23824 15472
15792 7289
13975 5502
10837 2336
10490 2014
18997 10315
8981 507
9652 1168
12595 4118
29243 20782
18372 9901
28803 20332
18058 9592
10751 2257
16254 7789
14631 6157
12580 4093
11161 2693
22404 13909
12556 4075
10831 2340
13041 4579
21010 12534
11377 2894
24469 16002
17966 9458
15739 7268
12607 4148
11257 2774
16649 8169
9177 689
12697 4122
17451 8882
14368 5781
16611 7923
10555 1972
19806 11245
9611 1037
23734 15055
26768 18198
15142 6577
22015 13447
17619 9058
24590 16038
19131 10553
17299 8751
13682 5085
8788 214
22084 13518
10841 2264
17483 8927
15682 7108
23734 15172
15191 6622
31270 22711
17998 9428
21739 13176
10590 2013
19847 11276
14139 5565
11207 2603
8782 99
22217 13552
19518 10856
17793 8950
22817 14143
9687 1009
9497 814
25076 16396
14058 5391
10296 1621
17863 9183
19930 11262
22258 13599
11190 2512
12238 3562
12075 3394
18856 10175
10384 1400
18185 8114
25737 17025
11349 2653
16739 8062
18982 10277
11878 3198
20395 11725
39119 30455
11087 2414
15470 6785
10437 1760
11151 2467
23835 15064
16916 8153
18500 9735
32861 24099
25119 16336
16533 7752
12486 3711
18641 9861
20938 12152
12711 3946
17399 8636
13865 5088
13594 4824
41698 32945
14528 5760
11475 2718
11133 2347
13613 4842
11070 2292
13534 4769
12540 3683
22692 13932
13883 5106
13424 4350
26856 18100
16865 8092
17797 8910
47344 38586
26004 17228
9476 690
15338 6469
16067 7194
13172 4289
24343 15472
14240 5359
14991 6111
14152 5284
17453 8585
12738 3859
13256 4376
34025 25164
14838 5963
17029 8160
13775 4879
12463 3571
18065 9198
12878 3993
16815 7925
13318 4274
19450 10576
11404 2521
14806 5944
14086 5207
13723 4792
9436 534
15674 6807
16682 7813
18757 9894
13335 4464
21121 12258
14574 5593
10247 1201
36483 27496
9718 723
33281 24302
16510 7545
9918 916
18530 9562
14339 5341
13698 4723
14228 5182
15441 6469
14276 5292
14670 5652
20769 11798
29308 20343
10779 1796
9389 412
13996 5039
11391 2431
12853 3870
24630 15674
15426 6452
17893 8757
25575 16610
19731 10759
20126 11036
20130 11080
19659 10678
26174 17191
9257 159
18533 9466
18697 9622
11086 2014
18059 8983
10015 898
28193 19125
14581 5099
13783 4710
37386 28325
22479 13417
18635 9574
9945 862
22082 13017
15994 6932
19901 10729
23307 14254
13194 4136
23676 14607
15808 6736
24965 15910
20526 11456
10332 1246
9927 840
16312 7236
18165 9048
21332 12262
16916 7794
17148 8052
13605 4530
28267 19105
9241 58
10410 1156
21133 11961
20003 10832
22076 12916
15212 6041
18576 9412
22906 13746
11497 2315
15519 6356
17518 8318
17881 8704
21207 12038
17656 8467
13569 4395
13327 4138
18439 9259
17963 8122
11796 2616
16460 7281
12183 3006
26367 17208
14283 5107
44096 34940
16595 7436
16984 7810
24163 14998
9590 405
11709 2529
35539 26263
15211 5928
23488 14222
16435 7151
15949 6663
32750 23289
13661 4365
26474 17188
24172 14904
12746 3469
18798 9534
23302 13716
17918 8659
12866 3585
14798 5524
22884 13612
30504 20980
12059 2786
27841 18579
18219 8939
22655 13389
20260 10998
24356 15096
20574 11179
18353 9090
9605 328
26308 17046
24005 14711
13079 3807
18338 9069
16381 7019
18462 9088
33680 24304
11474 2030
27031 17663
10394 1034
19822 10463
25166 10373
14953 5575
15900 6518
16428 7051
22690 13331
29037 19677
14293 4924
22927 13573
9977 603
18525 9125
28037 18680
16540 7115
14279 4902
24293 14920
15811 6386
23568 14198
16103 6732
19393 10014
21465 12085
16977 7556
36701 27341
24152 14546
26312 16947
15029 5554
18709 9230
17417 7940
26388 16909
21706 12212
33121 23632
15447 5970
12574 3103
17345 7876
25466 15997
20364 10897
26911 17444
28902 19429
16604 7126
22454 12987
26057 16596
13279 3802
40796 31319
19591 10115
13553 4085
20148 10677
15254 5769
13444 3991
14653 5181
27289 17824
23726 14247
15418 5950
16225 6761
25182 15713
16687 7217
19166 9601
23653 14037
27726 18156
33719 24152
22628 13044
13571 3997
17468 7891
10963 1382
24733 15120
18142 8545
13493 3924
10281 710
20225 10651
18135 8569
26725 17153
10120 536
16434 6866
15843 6262
9618 26
9884 301
28325 18749
52125 42575
26394 16801
9951 371
14852 5168
18731 9153
22469 12905
28705 19139
24100 14514
44789 35227
14135 4459
12543 2861
38466 28801
11053 1372
15963 6295
21606 11941
18544 8870
15671 5989
14351 4674
26056 16370
21714 12055
26734 17079
28885 19229
11099 1418
32839 23110
11715 2041
27507 17731
11576 1891
38266 28607
49114 39458
19828 10008
12988 3326
10108 420
9741 57
25075 15410
24538 14875
22471 12812
23477 13797
26358 16678
12268 2594
16318 6522
14109 4298
14694 4892
12769 2990
29046 19283
15257 5495
22243 12383
18578 8707
22570 12804
18063 8301
23282 13520
14182 4411
19706 9941
14711 4941
14857 4816
26305 16539
11926 2158
14935 5154
21478 11705
23988 14223
14577 4310
20398 10589
17244 6647
26905 17123
23452 13666
12391 2421
13180 3406
20125 10358
17942 8173
26349 16593
26386 16510
21289 11258
26456 16589
19202 9328
27351 17489
21912 12044
19475 9610
21032 11126
39636 29773
17392 7511
17938 8056
12366 2498
20397 10519
17707 7829
13016 2879
20958 11088
16147 6264
22968 13100
11043 1171
24802 14931
16969 7101
13845 3980
18845 8959
19023 9150
12433 2540
20165 10247
15268 5311
14044 4173
12660 2790
17797 7905
22929 12955
17050 7074
31459 21479
37587 27605
13697 3707
25935 15937
15389 5412
18356 8389
24718 14751
20690 10727
25846 15855
30545 20574
23471 13500
46202 35497
11971 1963
44820 34861
20743 10787
29662 19690
17911 7903
20728 10631
19288 9294
17666 7692
11326 1345
14716 4682
14570 4602
28022 18058
15651 5663
25521 15550
17335 7279
20042 10083
