239 122
214 126
306 215
320 233
142 31
126 39
243 153
142 45
189 99
176 85
236 148
328 225
99 6
122 23
177 82
229 140
164 75
172 80
153 60
176 91
106 13
99 6
252 164
114 24
145 47
144 55
128 34
173 90
341 221
319 230
379 185
360 166
561 224
718 503
507 313
241 39
347 162
404 153
632 448
391 211
287 98
435 251
261 70
475 270
254 67
504 265
575 389
302 115
586 375
429 207
300 111
352 153
577 389
208 17
361 176
301 111
383 198
551 366
318 126
421 234
449 121
412 107
411 112
722 439
585 298
949 662
743 458
468 172
414 124
788 511
443 159
430 138
433 113
664 363
910 568
439 151
597 310
621 328
529 246
881 599
339 49
770 418
351 66
350 63
760 481
824 532
560 274
478 193
644 346
532 224
1078 690
1078 694
1175 537
607 222
975 598
1467 1083
1103 723
645 259
869 80
1059 665
669 281
625 227
680 299
776 395
477 46
457 70
738 341
463 58
552 145
743 358
1094 652
546 150
717 336
1036 638
1061 674
507 113
592 210
1168 780
1158 769
607 217
2000 1506
782 295
959 472
1012 507
1848 1365
1786 1068
1003 517
627 140
1575 882
741 254
1632 1057
1058 78
874 393
536 34
1186 691
1378 887
789 304
1099 608
693 204
1035 518
809 308
1003 518
1019 532
1180 698
1581 807
967 479
941 442
1082 593
715 167
1088 603
1017 432
2830 1701
651 42
829 242
1284 693
1493 915
1984 1389
1765 1170
1197 599
2069 1480
985 394
2108 931
1172 583
928 335
1802 1186
1271 693
1302 722
907 316
1076 475
1337 731
1080 494
1754 1171
1863 681
1259 674
1288 698
1609 1030
761 172
1697 1095
1069 482
1308 724
1649 958
2121 1438
1324 605
789 80
736 49
1600 915
2702 1999
1277 419
2513 1829
1716 960
1974 1274
1666 984
1812 1128
2440 1759
2417 1742
1595 905
930 250
1984 1310
1519 823
1224 538
2313 1625
1899 1216
1070 382
1449 762
2166 1482
3020 2341
1338 640
1380 695
1575 890
1017 336
2023 1184
965 114
1370 566
1746 963
1376 590
1208 418
2374 844
1313 504
2740 1178
1377 596
1572 780
1745 962
2200 1401
838 41
1507 719
1495 709
941 157
1242 443
2627 1590
903 113
1841 1056
1597 807
2461 1656
1095 304
2006 1227
1827 1052
1215 428
2294 1493
1658 865
858 67
1080 193
1850 971
2304 1423
2087 1204
952 54
2823 1917
2122 1225
1338 439
969 83
1992 1100
1600 686
1675 794
1371 484
1073 182
2159 1276
2288 1404
1169 283
1664 776
3400 2417
1580 693
2871 1992
1446 554
1486 601
1955 1057
2007 1130
1818 901
1851 974
1334 451
1030 140
1463 582
1450 464
3172 2111
2119 1129
2448 1461
1812 829
3147 2163
1444 461
3344 2327
1654 669
1427 441
1097 75
2928 1953
2560 1571
1647 664
2392 1411
2120 1127
1791 802
1684 691
2417 1300
2740 1759
2035 1042
1791 806
3141 2135
2023 1001
1355 344
3412 2410
2224 1210
1926 935
2172 1179
1061 66
3186 2106
3098 2015
2326 1237
4642 3504
3278 1606
1953 863
1711 611
1825 743
1288 203
2271 1197
4585 3487
1926 845
3079 1993
2622 1542
3005 1914
1315 226
2052 953
2163 1074
1789 696
3778 2381
3621 2544
1719 627
2561 1465
2170 1084
3269 2171
2669 1565
1798 594
3229 2110
1448 364
2102 961
5296 4123
2420 1231
1798 605
3190 2004
1560 352
3127 1946
2067 878
1365 156
1517 329
2849 1647
2303 1126
3280 2090
2865 1687
2825 1496
1591 417
3247 2064
1707 518
2310 1125
2096 900
3360 2177
3050 1553
3436 2255
2957 1559
3108 1927
2802 1625
2926 1740
2698 1452
2484 1301
2015 834
1831 645
2055 766
3227 1945
2872 1369
1832 523
2682 1409
3856 2580
1385 95
1734 432
3825 2552
2297 1016
2666 1342
3914 2637
1893 607
2831 1536
1669 383
2837 1557
2366 1077
1780 494
4030 2686
2375 1089
4196 2906
2359 1083
2877 1573
2566 1274
1373 84
2613 1326
2521 1230
1918 631
4158 2852
5165 3888
3485 2093
1587 189
1501 115
4219 2252
2737 1343
2182 791
1415 24
3433 2041
1526 140
4958 3574
1902 517
2463 1083
3851 2468
3070 1694
2761 1375
2627 1207
2532 1128
2376 989
4532 3153
2818 1327
4085 2702
2607 1222
1924 507
2220 832
3498 2115
2129 669
2743 1354
1999 568
2840 1454
2175 790
3641 2097
2146 658
5400 3921
4682 3201
1779 283
2516 1033
3582 2101
4211 2740
2046 548
2119 629
4048 2530
2106 595
3862 2380
2937 1457
2170 667
4735 3258
3608 2119
2029 548
3266 1787
1817 325
2709 1215
1560 77
1952 468
3049 1575
3368 1807
2501 755
1895 404
4252 2767
3461 1976
5945 4468
2414 828
4463 2885
2446 844
3603 2004
2558 974
3946 2365
4073 2477
5365 3777
1788 193
2366 765
4126 2548
3027 1442
4690 3123
3020 1431
3495 1910
3298 1715
7201 5613
3875 2292
1774 189
2097 504
2525 914
2189 604
4243 2658
3464 1877
4328 1152
2459 875
3650 2064
1976 386
2580 997
6853 5233
3901 2225
2469 737
3068 1359
5348 3677
2544 859
4377 2698
1910 222
2715 1027
2610 924
3189 1501
1766 77
2356 675
5966 4280
1870 181
2321 633
4346 2662
4489 2778
3889 2210
3896 2053
4121 2446
4388 2701
2344 662
3047 1368
2989 1286
2495 718
2992 1283
2550 864
2464 711
4529 2595
3056 1374
1891 90
1905 103
3945 2147
5898 4121
5940 4164
2242 436
4971 3187
3304 1519
2483 698
4787 3001
6011 4222
3419 1082
1853 66
3490 1701
5020 3245
3089 1308
2437 648
2661 880
2647 858
3209 1423
2979 1194
3249 1454
2569 781
3565 1563
2435 634
2746 935
5206 3427
3562 1783
4236 2355
3379 1596
4113 2218
3689 1802
3260 1374
7800 5841
5893 4014
2135 252
3837 1960
2044 119
8247 6360
2325 432
3364 1483
3989 2090
2300 394
2196 307
4217 2319
3343 1458
2032 147
2589 691
5618 3737
4072 2187
2452 559
4758 2875
4627 2754
4538 2657
3570 1545
3552 1684
2978 741
5392 3522
2788 801
4291 2408
3046 803
4138 2159
5208 3176
3602 1623
3561 1576
3951 1966
2398 421
2940 957
4928 2942
2602 613
4098 2109
2624 637
4405 2419
5159 3178
4086 2107
4614 2630
4133 1911
6391 4419
3800 1824
4590 2528
2147 158
2125 136
4973 2987
4660 2669
3365 1366
4104 2066
2232 233
3659 1658
5252 3225
3845 1862
4473 2390
2551 429
3842 1756
4317 2236
2686 601
4968 2886
6182 4098
4463 2346
2797 711
3104 1023
2854 763
3457 1372
4485 2403
2395 308
4825 2721
3796 1715
3086 987
3647 1564
5124 3026
2712 628
2689 603
4963 2880
3233 1151
5367 3289
4620 2520
4648 2567
4644 2565
4431 2320
4303 2220
4750 2639
3669 1487
5347 3084
3697 1526
4247 2068
4048 1864
6569 4391
2459 274
6003 3824
7160 4982
2999 807
5610 3439
3127 945
5287 3110
6063 3865
4262 2080
5528 3347
2632 439
2799 609
4958 2724
6163 3947
3654 1466
3106 905
9823 7656
4291 2111
3443 1260
5611 3428
4296 2067
2207 16
4726 2543
3587 1066
3938 1646
7241 4948
4956 2675
2836 551
4550 2263
5671 3390
6610 4266
4541 2245
3039 756
4651 2277
4571 2293
6665 4383
3038 758
5546 3272
5390 3101
3415 1089
4871 2583
4874 2593
4405 2129
6824 4545
3579 1304
3611 1334
3265 882
3350 1059
3129 830
4477 2196
5085 2794
7382 5108
6944 4666
4539 2257
4279 1884
3143 737
4564 2126
4704 2318
6048 3644
3855 1468
6237 3851
7310 4901
3470 1088
3401 1006
7196 4800
4248 1864
6400 4004
5321 2939
4140 1747
3866 1463
4954 2560
4370 1991
4849 2466
6896 4525
4190 1725
5939 3545
5102 2731
5533 3134
4747 2360
2647 257
5770 2813
6031 3647
3679 1302
5056 2681
5465 2990
5834 3324
5250 2707
5538 3042
5937 3458
4679 2197
4548 2058
3819 1328
6947 4332
4454 1967
4407 1922
7008 4525
6727 4238
11358 8880
3593 1108
3457 978
5400 2895
4208 1710
6819 4339
3635 1127
3806 1308
2638 149
5004 2511
4083 1590
2842 351
4056 1572
3874 1389
4704 2218
4978 2481
5276 2743
6956 4219
5546 2945
2780 193
6763 4190
3427 850
5817 3234
6884 4260
4218 1625
3326 749
3515 888
5444 2800
7443 4723
5681 3100
5385 2746
4751 2165
5940 3351
9078 6493
6719 4125
4279 1692
6601 4016
2806 199
4810 2211
4250 1669
3737 1148
4717 2116
3576 987
4775 2200
6828 4247
3613 1000
3126 537
7088 4407
5000 2308
9343 6674
3120 350
4881 2172
5175 2496
3794 1111
5470 2789
4317 1604
3402 716
5280 2580
9159 6481
8336 5667
4405 1714
6588 3870
6232 3557
4946 2264
5423 2740
2758 67
3188 499
4052 1346
6900 4171
3765 1078
3193 464
3310 623
4060 1374
2894 208
4897 2216
6697 3991
6381 3688
11232 8455
6809 4032
6830 4042
4190 1394
4380 1596
2987 202
5698 2905
3342 552
4623 1842
4335 1557
4898 2084
6338 3459
8525 5742
5945 3162
3829 1043
9048 6274
5155 2365
5919 2835
6937 4101
5605 2825
5885 3075
5884 3100
10309 7509
7444 4663
6869 4090
4163 1387
8386 5608
7334 4509
5860 3083
8011 5225
7486 4397
5425 2544
3428 527
7804 4922
8257 5379
3251 353
8733 5843
7693 4777
6323 3448
4994 2106
3762 873
11408 8456
4254 1287
3663 778
10501 7614
6750 3858
8871 5986
4683 1804
8710 5827
8233 5351
8926 6038
7030 4139
8399 5524
5858 2981
4940 2056
5331 2450
5074 2099
7687 4810
5320 2431
7510 4621
4343 1364
9530 6552
8096 5119
8772 5783
4230 1243
8184 5207
3501 508
5000 2012
5020 2044
3132 121
14273 11296
9442 6468
3548 565
7456 4473
7031 4052
10577 7594
3069 84
4675 1678
8895 5921
3772 785
7068 4057
10265 7266
3207 205
7738 4753
3603 611
6117 3119
7678 4698
7087 4107
6479 3433
7871 4900
5297 2212
6292 3211
5498 2415
5660 2577
7007 3880
7309 4232
3260 173
5334 2258
7182 4085
5472 2387
4574 1484
5795 2716
13842 10739
7340 4261
11790 8719
4683 1601
7309 4228
4825 1743
7630 4546
7150 3850
6465 3379
6627 3542
8442 5365
5600 2528
3495 406
5862 2791
4050 963
3765 608
7807 4652
5222 2145
4263 1080
9406 6228
7867 4688
4200 996
6955 3763
6036 2835
6425 3252
5197 2012
3425 224
6221 3023
5298 2108
3219 30
4365 1188
3550 361
5414 2230
4984 1798
5136 1928
4165 976
8025 4844
11078 7891
8658 5467
4782 1589
5720 2530
6429 3248
4922 1745
4168 975
9894 6703
5437 2249
3797 611
5904 2726
6081 2800
6075 2792
5281 1994
4686 1401
4780 1455
5863 2566
6193 2900
4688 1398
5803 2506
13845 10564
7727 4298
10775 7498
3904 341
3877 590
6117 2811
9765 6484
5572 2276
6106 2820
4993 1711
4409 1124
5257 1970
5198 1918
6591 3311
3839 557
6450 3170
5567 2289
3557 266
3688 388
7639 4350
3591 306
8929 5548
6740 3348
3944 559
7009 3623
4861 1478
8404 5020
5410 2022
4146 744
6734 3295
9227 5840
11191 7811
3603 217
9109 5726
15050 11645
11968 8596
9794 6420
5017 1599
4481 1101
5424 2049
5850 2465
12360 8901
7357 3974
5719 2333
9695 6283
6061 2673
5000 1609
8724 5345
6523 3139
6900 3516
3645 260
5855 2363
9132 5651
11535 8064
10852 7379
6236 2755
9225 5745
5667 2153
5053 1533
4599 1113
8535 5036
8168 4669
6992 3413
5908 2427
8868 5388
8393 4909
5276 1797
11534 8055
9255 5758
7587 4100
6826 3343
8154 4671
5304 1826
4085 599
4395 914
5853 2338
6654 3171
9763 6289
5717 2236
3736 251
6917 3311
4159 566
3887 284
11089 7508
7283 3566
4857 1272
7650 4071
6900 3319
9364 5781
5159 1580
6383 2799
6606 3015
5965 2380
4045 458
8688 5104
5631 2047
8323 4734
7531 3940
6095 2489
3897 193
11131 7555
4513 882
6289 2699
6699 3089
10283 6662
5789 2203
7386 2969
9056 5468
8804 5188
5037 1432
4053 445
9550 5855
12628 8517
7411 3729
6305 2619
3785 92
4625 934
4806 1119
10334 6656
6537 2850
11367 7671
8520 4836
6501 2827
6776 3091
5988 2307
8228 4324
5856 2174
5095 1388
7147 3295
9353 5678
6097 2074
5998 2307
8297 4614
11535 7860
7830 4145
7235 3547
9204 5523
9349 5529
8177 4475
5453 1769
11275 7596
5018 1232
15413 11635
7326 3540
4996 1213
6822 3037
10996 7219
11432 7634
11072 7283
10466 6642
5872 2075
6746 2958
8206 4424
4021 129
7798 4014
9942 6171
7447 3669
9675 5902
4665 884
12170 8383
6618 2830
4751 972
7287 3506
5165 1384
4334 557
7813 3988
4838 1048
6995 3216
13523 9746
9209 5391
5528 1741
10622 6742
6671 2719
9432 5511
6789 2894
8619 4742
9895 6017
9515 5576
7130 3233
6858 2876
5001 1121
5676 1796
6882 2999
6786 2898
8805 4918
8553 4669
4443 480
5505 1484
5399 1516
6908 3014
10682 6802
8788 4905
5025 1140
9121 5238
4631 746
6543 2602
8546 4669
6173 2256
9310 5441
9680 5785
4139 252
4965 984
8307 4289
5268 1285
9309 5301
14650 10677
4941 970
9186 5216
4115 126
4820 839
4918 926
11036 7014
5097 1106
7442 3463
5915 1931
4234 235
7119 3130
10697 6693
6448 2474
7290 3299
6296 2310
7186 3207
5905 1909
5267 1287
6697 2714
11988 7965
8367 4387
10082 6085
6740 2736
9721 5729
7799 3814
6271 2190
6987 2821
6476 2395
4614 460
5310 1225
7647 3563
5288 1208
8452 4353
6372 2231
5075 985
12406 8330
12219 8114
18285 14197
7736 3650
6626 2547
11369 7283
6427 2342
12006 7870
10344 6252
9448 5368
7615 3531
8550 4465
8315 4228
7927 3852
9620 5542
4889 805
14679 10580
7108 3013
5178 1097
13027 8951
5630 1430
9106 4917
6989 2295
5233 1047
9663 5489
10637 6416
8514 4330
6180 1989
6008 1820
7498 3319
12272 8095
12653 8473
4931 744
9401 5232
6038 1857
4309 119
7690 3489
8427 4246
7509 3324
6539 2298
11409 7222
8568 4362
9151 4969
8303 4131
5795 1592
10581 6411
8997 4821
4943 754
6570 2336
9149 4961
13892 9614
7259 2978
9505 5227
10175 5900
8569 4294
9030 4746
15197 10916
7420 3136
7173 2842
10967 6645
9207 4906
13083 8802
7831 3406
9562 5275
6582 2303
13017 7789
6097 1814
11525 7252
7349 3061
8964 4677
9840 5555
6017 1738
12359 8083
7520 3243
9458 5176
5695 1416
5741 1442
7381 3047
7473 3191
18305 14031
4902 504
5091 682
5956 1579
9596 5212
9068 4689
8759 4377
5728 1339
12957 8586
8978 4598
12430 8048
12835 6576
8063 3674
5866 1478
12758 8377
15220 10839
7698 3317
6186 1784
8086 3669
12120 7730
7048 2617
12065 7683
11807 7405
5586 1194
7471 3091
7971 3590
6596 2203
10434 6050
5406 1009
9173 4790
5337 637
9850 5303
10711 6222
11772 7299
13300 8827
14334 9853
10539 6058
10570 6091
8232 3756
16236 11733
8767 4279
10933 6460
13301 8783
8049 3556
5020 539
10449 5964
8784 4297
8870 4370
8096 3598
8978 4491
11017 6534
5741 1247
15572 8234
13898 9409
8041 3567
9993 5516
8914 4410
13261 8782
5553 1034
10679 6179
12217 7600
5084 490
7305 2719
7549 2955
5622 1040
8609 4033
10852 6269
10091 5509
10007 5427
10012 5425
9151 4570
7498 2914
7298 2717
6776 2172
5965 1373
7172 2585
13743 9168
8906 4328
8390 3806
6574 1988
11514 6935
6017 1435
9447 4849
11986 7363
4925 300
7293 2715
7138 2557
6268 1679
9871 5293
10761 6143
10117 5534
13356 8670
8565 3890
10851 6174
10294 5613
11105 6424
13484 8806
5036 348
7763 3045
18026 13355
7890 3205
5435 659
7604 2921
5958 1271
7171 2485
13573 8896
5937 1248
11882 7194
10543 5870
12713 8040
8302 3608
13369 8660
10948 6250
14238 9561
8887 4204
8198 3518
5848 1165
18462 13791
10995 6291
9662 4975
12709 8021
11325 6533
5392 588
10711 5927
8740 3956
11440 6663
16408 11624
5258 467
6913 2120
8486 3647
7489 2704
8080 3296
5340 553
6553 1758
10020 5234
10532 5696
12611 7838
7975 3189
8613 3780
12015 7223
11887 7052
4817 28
11250 6467
5647 863
5416 627
11112 6332
9010 4227
11289 6512
10368 5583
10356 5542
13523 8754
10092 5202
5383 496
11130 6261
18680 13811
15089 10220
14334 9461
8674 3703
8760 3856
7366 2462
6483 1507
9835 4952
14564 9683
7488 2601
11622 6686
13097 8204
12996 8117
9440 4538
6486 1394
12004 7112
5558 654
5217 312
11239 6367
10809 5921
7926 3043
8112 3235
5438 557
7287 2408
10387 5504
8425 3542
13540 8576
16652 11669
10646 5661
6661 1683
12700 7722
7129 2105
10095 5106
6307 1324
5414 417
12521 7467
5387 399
7386 2400
14924 9949
7502 2524
13907 8926
10982 6000
8550 3569
9967 4986
10588 5587
13679 8706
9749 4749
7494 2508
7823 2838
7156 2173
22788 17813
12160 7184
6870 1886
5478 491
14612 9609
13253 8245
8749 3689
11528 6449
10196 5118
12635 7456
9394 4306
8423 3324
8526 3422
7371 2286
8736 3644
11636 6562
9853 4778
16193 11120
6279 1155
8828 3742
13885 8808
8808 3733
12289 7144
6105 1017
11383 6305
5856 772
14854 9777
9010 3929
11748 6653
8703 3620
6325 1221
9768 4689
8408 3333
7013 1926
11309 6227
9817 4736
9060 3777
5676 390
15552 10365
15588 10408
8497 3313
5819 625
9212 4032
7094 1909
6299 1114
9135 3956
7667 2483
13426 8243
12865 7503
10955 5773
18212 13030
5849 616
12071 6825
11069 5886
8162 2980
11069 5853
8248 2812
12495 7312
7099 1920
12440 7257
14726 9550
12085 6903
14818 9639
9256 4075
12519 7336
20685 15507
14061 8875
15522 10246
8754 3470
5767 479
8571 3294
14364 9086
13141 7851
10574 5158
9520 4233
14099 8545
9789 4506
8905 3617
13581 8275
17622 12341
12403 7125
11882 6603
10306 4983
8581 3298
5526 247
8980 3706
8307 3020
6363 1079
21364 16098
13485 8203
5667 387
9501 4216
7837 2529
5801 515
16579 11301
12672 7382
13158 7867
14567 9066
11264 5757
8407 2978
6497 1116
13994 8610
12216 6843
16685 11314
8439 3055
9565 4184
7063 1676
13270 7880
12241 6858
7997 2613
7025 1646
7522 2110
11437 6004
7250 1870
12386 7005
8342 2977
8311 2923
13257 7878
23790 18390
13109 7691
18434 13055
8595 3214
6375 994
16280 10890
11787 6398
5634 252
9675 4272
6736 1237
25353 19865
7376 1889
15803 10329
9237 3757
6436 959
9568 4081
15730 10253
18879 13374
9806 4323
14281 8808
22100 16627
10141 4645
7942 2436
18003 12505
13768 8289
8239 2753
9651 4171
11090 5612
5806 324
6267 753
7844 2344
13896 8412
10089 4606
9749 4262
8034 2441
8061 2569
10146 4656
10353 4872
8768 3279
6202 622
11932 6366
14501 8901
10676 5076
22527 16953
10566 4987
6954 1374
15800 10221
14221 8647
6375 781
9499 3916
10187 4595
15314 9740
17543 11938
11459 5756
13541 7962
16629 11025
5904 317
10051 4470
13851 8095
13023 7452
10882 5305
6182 566
7615 2034
12511 6923
5741 155
9830 4248
13835 8258
6427 838
14450 8876
6548 850
15525 9849
8298 2612
9009 3328
13325 7624
11019 5332
13199 7517
11655 5979
9444 3762
13449 7773
7561 1882
17222 11527
20242 14567
10392 4673
6918 1226
14252 8575
13425 7730
7582 1902
9541 3832
9492 3809
10395 4589
7645 1817
14635 8920
12360 6670
6404 716
15847 10178
7033 1351
6984 1299
8203 2492
13193 7512
7619 1828
10962 5181
11053 5243
10398 4614
10075 4277
7844 2061
20954 15183
11917 6137
9626 3823
13343 7536
12083 6291
10433 4645
15218 9449
15537 9770
13627 7849
16121 10312
8393 2610
11241 5455
13996 8227
8935 3091
6141 275
15589 9700
7727 1920
12866 7084
5819 19
11760 5651
10348 4572
8408 2627
6219 422
6810 1025
10609 4715
14936 9057
15470 9578
9958 3937
9022 3114
18252 12379
8960 3075
6455 571
10427 4404
14079 8185
6274 385
14445 8567
15116 9239
13391 7515
14461 8582
7851 1957
14820 8939
7215 1295
10794 4914
12056 6155
11918 6043
6523 631
11341 5458
7487 1259
7298 1400
13128 7222
9961 4091
8329 2449
8770 2883
9275 3404
9001 3012
10065 4079
13566 7585
9379 3396
12982 6964
8592 2605
16579 10586
16362 10375
8412 2397
14413 8437
7054 1067
11677 5686
7177 1193
10279 4274
8205 2219
6289 165
8213 2233
9556 3573
12842 6833
7622 1643
13682 7705
15387 9406
11274 5293
16575 10591
11053 5072
6763 782
7633 1647
13090 6905
12123 6113
9441 3451
7396 1308
7292 1162
7579 1498
7208 1120
10284 4194
10159 4084
10813 4687
10952 4869
6240 155
18499 12420
6465 371
17158 11071
13387 7284
23679 17576
13491 7413
10036 3950
12527 6422
6707 626
17008 10926
8198 2121
6816 735
9973 3886
14103 8022
7786 1320
11347 5266
10106 4008
14791 8712
8973 2896
14092 8019
30679 23562
12231 6048
7266 1043
11528 5347
11180 4906
11625 5450
7174 985
9390 3215
10684 4503
7890 1680
14539 8358
10702 4518
8898 2721
7490 1307
23804 17633
16726 10548
9093 2909
13628 7453
15944 9767
11342 5148
9099 2912
11143 4897
19483 13297
10073 3896
9848 3636
8156 1971
19541 13361
12314 6136
15447 9266
22219 16041
6214 23
16342 10054
13488 7210
13964 7693
17436 11157
15066 8627
11339 5057
8308 2031
10237 3948
7002 714
10977 4688
15020 8734
6857 543
10880 2765
8597 2316
7997 1691
6864 579
11019 4729
21372 15094
12256 5967
13169 6885
12158 5875
21789 15498
22365 16076
9548 3261
14865 8578
12870 6583
8323 2032
21248 14928
12208 5895
17878 11607
7959 1533
22462 16088
22906 16528
12442 6058
15579 9167
6810 424
13484 7077
12189 5812
19122 12748
19564 13176
10075 3692
8957 2575
16657 9771
17477 11090
15799 9127
14911 8533
17749 11373
16804 10362
8284 1839
7994 1611
10431 4045
7698 1309
8530 2153
10096 3715
14101 7726
9269 2888
10860 4479
19954 13571
14791 8410
9079 2690
21783 15318
9316 2814
11239 4758
12017 5551
22693 16166
8448 1969
14458 7989
12934 6448
17462 10983
15304 8827
8819 2322
8301 1788
8022 1509
12892 6403
13431 6959
7819 1336
9458 2946
12927 6442
19689 13146
9879 3395
9600 2444
11393 4910
7127 630
8521 2036
8212 1720
12573 6025
8443 1949
10523 4040
27615 21139
11070 4581
13668 7091
8759 2174
13883 7291
18822 12249
15697 9091
15670 9090
14161 7533
13645 7064
8483 1898
8532 1945
13050 6456
15095 8509
8557 1976
21163 14582
8596 2016
20642 14067
27609 21027
18880 12172
13237 6612
16294 9665
10875 4258
20026 13451
21680 15106
15405 8809
14863 8284
6933 320
12379 5771
12348 5756
19549 12972
11322 4719
9611 2924
10610 3922
12431 5733
20146 13470
15930 9254
19694 13023
13818 7137
14930 8235
16320 9440
15244 8480
19338 12662
20256 13575
6893 204
13252 6519
22428 15757
11079 4394
9123 2441
8873 2183
13946 7253
14530 7850
9898 3220
18004 11318
9325 2501
16309 9637
7681 901
11831 5153
17656 10967
11773 5098
15307 8630
7158 477
6891 99
7378 591
26745 19970
20619 13839
7828 1042
15346 8551
13679 6894
12415 5595
23051 16275
12212 5437
16238 9460
19967 13182
19593 12813
14802 8011
24086 17317
11980 5213
15899 8918
14658 7843
9189 2410
11859 5010
12279 5486
13915 7132
9201 2419
7597 813
9088 2293
11805 4987
17292 10519
10639 3856
23179 16411
7699 907
13938 7059
12160 5283
12141 5262
11059 4163
17061 10171
7909 1028
25940 18954
18372 11473
17969 11085
14573 7687
12062 5123
9392 2510
20410 13524
12371 5486
12447 5568
9965 3083
8856 1941
19582 12708
17567 10691
9919 2996
12052 5171
11621 4744
16133 9254
20005 13099
8658 1747
13605 6717
8705 1820
8729 1841
8854 1950
20769 13880
17117 10142
12516 5531
14675 7698
12670 5682
21760 14781
8112 1137
7886 838
18080 11103
8031 1032
8069 1092
13268 6288
23927 16948
18738 11757
8083 1101
13977 6972
17918 10927
12730 5743
13493 6507
15526 8540
20341 13267
9013 2037
9389 2401
11460 4478
9576 2589
21976 14985
19023 11999
16359 9381
16468 9477
19160 12147
11180 4197
12452 5364
12268 5188
8740 1582
11597 4514
22929 15854
11604 4511
9509 2415
12934 5806
11914 4829
10120 3031
12910 5826
10879 3794
31693 24628
21083 14002
15066 7942
8396 1317
8307 1163
11346 4267
15572 8500
17639 10562
9404 2327
23127 16050
9711 2635
15303 8226
15540 8471
9836 2749
8803 1717
8811 1726
9563 2472
14058 6975
21245 14076
20148 12938
11164 3971
24130 16962
25493 18306
14071 6892
10425 3241
8739 1557
13792 6604
7501 318
10628 3377
21569 14379
10127 2944
9601 2419
9104 1615
10354 3146
14113 6923
16100 8888
20950 13676
8937 1742
19744 12562
7312 125
18491 11305
12366 5187
7853 652
19581 12406
20368 13183
11033 3844
15484 8159
12739 5560
8327 1029
17620 10299
8376 1014
19038 11750
14530 7240
24910 17633
14239 6951
10270 2984
11180 3898
9985 2699
10614 3334
12017 4743
7628 339
23161 15764
18943 11663
10875 3590
10201 2925
8449 1161
18803 11526
13256 5959
10355 3073
10348 3065
21243 13965
10468 3176
20480 13190
14247 6959
18922 11433
7907 591
13853 6569
19710 12433
11792 4380
13852 6361
9518 2104
13972 6586
26370 18996
8461 1076
24751 17384
9550 2166
8593 1206
25056 17655
13459 6003
12963 5574
27732 20359
10027 2646
9754 2368
16946 9568
12618 5239
11210 3819
7509 104
13306 5914
24314 16950
12417 5025
8692 1302
20550 13069
15572 8191
9434 2052
20780 13401
14434 7023
8265 880
17854 10348
14282 6698
39689 32200
16438 8933
9876 2387
14069 6586
14307 6824
11159 3676
9223 1740
14706 7205
13111 5634
14129 6655
12680 5191
15942 8461
7719 231
13059 5556
9304 1819
8023 535
16577 9086
11462 2049
14885 7404
13111 5618
17369 9879
14241 6760
20963 13468
16501 9020
21259 13652
14310 6797
11689 4176
9331 1843
14187 6703
18124 10514
8053 448
10499 2857
24421 16844
14546 6933
9200 1621
12551 4962
10485 2627
11422 3841
11760 4154
22341 14765
18607 11026
22111 14529
20413 12801
10215 2627
12304 4727
19983 12409
14109 6480
14216 6639
15321 7746
10764 3185
24759 17178
20743 13127
18609 11019
22354 11233
14773 7196
11180 3601
16166 8587
16420 8825
11607 4022
15904 8227
21545 13820
7950 242
7748 56
11684 3988
16913 9242
8083 394
13508 5822
18907 11187
13368 5682
8801 1121
26472 18784
11890 4214
17580 9905
14154 6471
8792 1105
21266 13545
12277 4595
8906 1218
14743 7051
7817 127
18852 11165
11574 3879
10273 2593
19420 11738
17751 10070
9147 1467
19131 11446
9674 1983
20580 10912
10580 2273
18527 10753
19069 11210
12322 4528
19879 11639
13323 5495
12836 5056
21187 13405
11069 3284
15607 7824
22168 14375
11796 3974
16780 9007
13858 6081
12176 4378
21439 13636
10347 2564
9768 1980
9767 1979
15393 7614
13067 5287
12097 4311
24559 16775
11052 3257
7937 148
15244 7469
8095 312
19437 11654
8480 691
19773 11998
10116 2105
8906 945
21953 14086
18110 10231
9011 1119
17049 9166
14928 7035
12406 4483
17572 9691
19728 11858
9362 1481
8262 373
16632 8749
30344 22465
17250 9383
15789 7908
34732 26869
18967 11089
9206 1327
23219 15341
9302 1421
36371 28495
8861 975
26397 18524
16419 8536
20134 12260
9475 1596
25955 18073
12242 4331
13468 5570
14978 6984
16261 8263
15045 7050
24217 16237
20128 12131
10043 2062
21463 13447
13853 5872
13777 5792
8613 591
17230 9256
22584 14611
10715 2733
14288 6307
19768 11787
8830 832
25928 17953
20853 12852
26679 18685
8041 45
14946 6898
16527 8544
21789 13759
19853 11878
14509 6527
14351 6330
8128 144
15572 7603
17393 9414
10845 2852
22160 14090
11429 3310
12690 4604
15030 6945
14430 6296
23611 15530
19329 11256
19898 11829
8478 346
16236 7984
13214 5128
14184 6090
11710 3608
18241 10155
24889 16791
41792 33714
15725 7643
13736 5651
25977 17900
13662 5573
17871 9790
19838 11759
17010 8868
12859 4600
10216 2110
11446 3298
17373 9258
17218 9139
15268 7047
8419 332
9478 1269
13058 4818
24611 16416
14398 6214
14065 5884
19496 11318
16364 8183
19643 11470
8932 741
13968 5793
20315 12115
11682 3501
14944 6766
21059 12884
30302 22114
30982 22809
16455 8277
9579 1144
10349 2168
20625 12340
27686 18989
26740 18574
16884 8700
9853 1670
25635 17461
17744 9554
10698 2516
26404 18201
25532 17341
26045 17878
13941 5651
15353 7064
21126 12847
15143 6864
9797 1496
13730 5445
15656 7385
21535 13257
14929 6637
16025 7746
16220 7937
21973 13701
8950 664
15661 7322
13538 5263
8614 320
21292 13006
10352 2073
11439 3155
16158 7878
32601 24329
21225 12933
22605 14329
10849 2559
16853 8492
11840 3553
22302 14033
12477 4183
9935 1652
17486 9197
24688 16306
25941 17552
16852 8472
13430 5047
14447 6049
8513 97
15960 7569
20096 11638
23025 14657
24190 15807
14989 6242
20136 11752
19415 11035
36053 27669
29848 21479
8904 504
10833 2448
17471 9096
25347 16975
24341 15963
9085 692
12248 3869
16732 8351
8938 360
30968 22589
12440 4039
8766 378
22065 13661
10461 2005
20643 12266
9795 921
34059 17099
9187 700
17834 9359
9174 689
17485 9003
19571 11082
27945 19464
24675 16153
26301 17819
11781 3288
15067 6597
23950 15483
19336 10849
15223 6664
8700 209
12939 4448
17638 9090
9050 561
21065 12587
27470 19001
16852 8329
13278 4802
21814 13324
15461 6971
10116 1631
19054 10573
16472 7987
12966 4478
16164 7689
19240 10643
15645 7057
20869 12293
8798 210
9073 399
34703 26115
11152 2581
9856 1279
10489 1892
11403 2801
16799 8222
17276 8696
20200 11622
9967 1374
10501 1914
19587 10979
21289 12701
14516 5937
17116 8533
13458 4870
10637 2047
18152 9557
13317 4731
13606 5029
14108 5520
12337 3760
9192 612
22474 13848
22065 13492
24484 15907
12740 4061
13880 5199
21969 13294
21656 12988
17921 9235
24928 16244
10771 2069
9304 618
11880 3198
8926 237
16656 7975
10094 1355
12380 3669
20464 11793
18783 10096
18265 9573
14615 5854
22142 13478
27387 18447
17618 8932
19911 11230
10981 2302
13924 5218
9117 415
16448 7662
17326 8645
11991 3310
25605 16929
26109 17434
33017 24350
13955 5174
13669 4877
19844 11054
10304 1500
10338 1553
28051 19287
12128 3301
16078 7289
18558 9775
17502 8725
9632 836
20551 10313
12359 3578
24043 15264
13735 4956
31770 22991
11707 2925
18482 9699
15229 6419
32664 23901
19793 11008
14105 5145
12520 3741
14263 5417
17110 8331
17484 8691
17999 9218
25130 16322
14554 5741
12503 3718
17418 8515
23239 14361
16624 7746
15339 6453
19376 10487
21359 12468
8924 25
13749 4815
9586 460
10410 1502
15212 6335
22545 13669
18618 9734
19995 11121
11499 2592
14461 5571
25125 16250
17427 8550
18666 9785
17555 8676
24213 15328
16214 7320
17603 8722
14333 5450
11557 2676
16984 8102
20036 11149
36435 27551
13024 4143
14528 5659
12972 3981
31790 22821
24776 15802
13410 4431
14319 5307
24624 15633
30986 21999
9453 466
20285 11307
9843 863
16238 7228
14702 5723
16056 7073
15287 6308
21698 12717
21074 12023
22586 13599
10795 1687
17080 8016
28579 19601
28811 19793
11666 2558
16370 7367
23473 14490
19452 10451
12719 3737
17551 8564
21306 12322
12266 3289
14917 5928
11157 2067
18515 9424
11578 2489
16522 7437
22335 13258
17286 8210
16953 7874
30035 20943
12729 3650
14404 5302
19067 9974
22083 12998
23874 14797
14249 5168
19343 10161
9741 656
17824 8718
29161 20078
12926 3832
10269 1181
21260 12179
10467 1380
23709 14637
9470 389
31091 21993
9138 39
28696 19618
24420 15355
9177 80
10625 1540
20551 11361
12851 3672
13075 3882
24717 15512
17922 8723
18902 9715
23094 13923
14800 5632
10928 1738
25967 16786
12261 3074
21465 12296
19118 9834
12587 3406
12138 2944
10100 919
10580 1397
14260 5079
18908 9729
14257 5078
18812 9617
36765 27591
11105 1921
14393 5216
12529 3349
11017 1840
11050 1875
31738 22552
31840 22667
15706 6520
24260 14987
12201 2869
15447 6162
26363 16983
11280 1966
19660 10378
29619 20347
20913 11629
20018 10727
12586 3285
14030 4743
26588 17304
22718 11907
25586 16306
12095 2811
11155 1867
21958 12689
18525 9220
24789 15498
16804 7512
20540 11258
25895 16612
10352 1067
16292 7000
15344 6063
14787 5506
29375 20102
15276 5982
9849 557
22672 13361
30897 21526
10967 1580
11350 1965
18496 9109
11944 2549
24910 15532
32925 23537
19227 9850
18101 8712
27177 17798
16033 6652
18849 9465
12074 2700
12496 3112
14524 5110
14652 5283
18248 8863
23366 13983
19141 9764
9904 507
13868 4414
31904 22512
13127 3742
20864 11480
11099 1685
26618 17165
25295 15849
23584 14205
22099 12711
27182 17800
12094 2498
16142 6658
34528 25051
13592 4119
15965 6478
14255 4748
17393 7839
12414 2914
9907 419
28625 19113
24647 15169
12870 3387
11832 2344
30354 20872
18243 8756
17126 7639
26102 16594
34612 25133
18954 9460
17394 7915
24972 15365
15393 5897
30862 21390
32482 23000
15820 6340
31698 22224
13744 4262
24457 14953
12920 3429
10069 573
23590 14011
22281 12696
24426 14836
34327 24756
12707 3117
19657 10072
27902 18331
13188 3611
13907 4327
18481 8872
14749 5155
13333 3748
30510 20943
20718 11134
24522 14798
46215 36639
20383 10794
34413 24837
14165 4588
18426 8848
18600 9013
23481 13900
18141 8513
20279 10696
19555 9963
23181 13608
24623 15046
17213 7630
30071 20486
19388 9788
13914 4227
15418 5732
14805 5113
23612 13934
10934 1251
29351 19672
17838 8143
18655 8969
31274 21607
17043 7370
11210 1523
11243 1556
18785 9104
21979 12292
17699 7647
34132 23808
15673 5985
19699 9994
18561 8847
17477 7796
25349 15659
21326 11649
16558 6873
20225 10525
20900 11215
20270 10582
16875 7143
23085 13393
13754 4062
14364 4692
11097 1318
17139 7361
22724 12961
10568 740
10348 520
24455 14661
24465 14677
17287 7502
10987 1203
12830 2659
39213 29434
27689 17916
12577 2760
22411 12613
22043 12257
23655 13844
33848 24041
18735 8936
11225 1411
21947 12155
10509 725
20168 10388
29939 20162
20220 10439
34143 24372
10818 1022
18925 9128
23957 14179
9914 109
20053 10280
11994 2099
14139 4199
12181 2302
11540 1658
22962 12973
31803 21930
21852 11967
26020 16142
14191 4304
36111 26232
12058 2168
15443 5563
37663 27784
17456 7559
16063 6192
17196 7323
17447 7553
28012 15327
25728 15844
14439 4538
27027 17126
19382 9507
26029 16150
21715 11842
15070 5187
18953 9054
18400 8492
16630 6743
15167 5247
22601 12720
17399 7417
25137 15162
15119 5140
13644 3653
28454 18493
17126 7147
22619 12634
27509 17526
32776 22806
21281 11298
18176 8190
19213 9234
11977 1888
24913 14934
10576 365
27179 17152
12280 2292
16890 6914
21943 11954
34853 24841
15608 5637
13198 3223
12182 2211
12250 2274
27938 17950
11150 1106
24835 14855
22423 12442
20997 11021
20349 10371
