295 200
210 170
261 96
265 157
311 155
241 188
344 108
160 107
268 140
388 176
463 306
281 114
214 183
298 89
281 111
392 149
202 81
216 128
382 255
180 135
230 101
233 118
370 140
232 138
232 136
195 82
235 162
430 248
159 89
354 123
811 613
892 531
668 331
279 162
475 190
568 308
394 181
199 81
664 407
968 613
570 380
682 320
664 378
910 540
608 228
486 171
778 506
462 170
1014 302
872 543
458 138
648 429
835 272
912 574
520 242
304 166
920 372
783 278
433 208
659 368
1032 612
1168 525
1081 334
957 378
619 361
1060 741
661 341
942 545
1103 801
1185 599
964 502
592 81
756 377
608 366
726 352
445 193
692 314
830 498
984 437
771 290
679 226
865 161
589 284
1092 580
850 398
1278 784
684 273
1029 454
428 192
772 324
1019 238
685 280
1082 604
1209 384
868 375
1507 1046
1068 715
606 185
1201 743
1035 644
840 498
945 398
1296 601
1506 644
972 231
743 328
1574 733
1010 474
837 392
1547 906
1216 711
1783 1073
778 296
1848 929
1116 598
633 266
796 378
1841 581
820 451
772 394
1300 723
910 377
1390 783
1622 697
1416 824
1204 730
1513 963
765 245
839 280
1395 788
1479 950
918 277
1584 240
1092 445
2211 1218
1471 841
1859 938
881 366
1199 631
1188 710
771 279
943 375
978 81
1598 1078
1448 697
1851 909
1684 790
1692 1135
1075 499
1762 512
2251 1562
1937 1383
1518 782
1286 516
1199 534
984 245
1218 515
1481 722
1335 475
1638 1031
1529 950
1955 782
1543 692
1184 500
1129 386
1765 962
2701 1886
1419 652
1908 996
1864 1173
1791 1010
2323 1628
1635 395
1974 835
796 198
828 241
1450 569
1488 862
1151 438
2273 1203
1767 1005
3150 1625
1725 875
2463 1524
2119 1233
1745 904
1337 589
1022 397
2135 756
1985 846
1889 1145
1742 884
3012 2335
2461 1217
1401 672
2834 1912
1695 662
2178 1186
955 174
1800 843
2210 1284
1437 636
1389 672
1482 610
1671 876
1940 1234
1649 952
1938 1208
1043 319
2286 1300
1901 782
1573 664
2935 1847
3616 2311
1129 413
1758 1009
1619 678
1882 1018
2550 1696
1405 414
1034 209
2389 1617
2437 986
1564 663
1541 621
1830 485
1607 663
2610 1614
2296 1546
1015 183
1480 386
1064 301
3463 2609
1294 387
1239 400
2529 942
1728 924
2764 1634
2215 1144
1179 392
4239 2616
1958 1074
3346 2170
1430 475
1388 531
2021 980
1966 282
2781 1266
1278 351
2080 1266
2326 1379
2060 1038
2220 821
2578 1486
4802 3374
3393 1985
3584 2353
2560 1234
2473 1588
1780 914
1471 507
3076 2183
2128 1162
1069 201
1204 341
2543 1111
2209 887
3216 2157
2932 1841
1760 833
1918 802
2487 1328
2050 193
3466 2378
1719 567
2118 988
3058 1984
3146 1882
3931 2670
3314 1938
1623 624
1150 171
2511 1410
3174 1405
2006 878
2563 1251
3036 1947
1720 590
2704 1066
3645 1618
2032 819
2570 603
2258 394
3912 2699
1481 567
1516 585
2753 1689
2596 1544
2717 851
1630 435
3060 1965
4165 2791
4125 2849
2039 950
3016 1609
1977 790
4501 2430
2790 1660
2259 189
2952 761
3662 1666
3218 1979
4838 3017
3356 2158
2247 1239
4019 1940
1964 838
2243 1115
1492 336
4439 3013
2382 946
2907 1668
2485 1203
4278 2862
3965 2669
3989 2555
2980 1499
2509 1395
3177 1897
1706 396
2948 1803
3227 2027
3246 1732
3730 2440
2000 753
2479 1204
2456 1015
3399 1092
1691 440
3777 2302
2356 997
2768 1612
5348 4017
1528 263
3323 2070
1836 578
1921 749
2091 839
4000 2379
2109 977
1884 572
4722 2255
2242 1070
1490 282
4126 2183
2071 828
3157 538
4220 2048
2662 421
1713 435
1826 507
1815 605
3500 1792
3454 1792
3170 1860
3738 2214
3007 1483
1656 311
4616 2374
2035 636
2264 942
1965 688
1678 438
2477 1181
3531 2145
3723 1247
3829 2557
1891 614
1663 377
2146 720
2797 1521
3172 626
2129 649
4457 3243
2474 753
6715 2930
3579 2259
2772 1375
3329 2007
1542 232
4111 2741
2939 1377
1652 319
5317 1345
3968 1333
1657 310
5116 3705
2742 1391
2699 1038
2390 949
1661 245
2822 1326
1907 348
3336 1944
2532 1083
4268 2691
3755 2182
3400 1431
3710 2337
2223 817
2679 1087
1928 549
5211 3877
4577 3222
2005 457
3104 1676
2629 1155
4959 2967
2861 1481
4414 2930
4675 3038
3366 1760
3193 1557
1623 189
3496 1922
4029 1966
3313 1901
1864 431
2910 1438
2561 1045
5885 3894
1803 385
3388 1421
5237 3602
5344 2540
2453 998
2850 1402
2328 645
2440 629
2498 950
3619 2096
1924 368
3182 1576
3151 1519
2211 678
6627 4042
3081 1223
3694 2203
3128 1476
3258 1692
6103 4486
3814 2196
2615 1060
2889 1283
3317 1447
3061 1368
1839 248
2561 967
3729 1505
3484 1898
5466 3611
4216 2482
8152 5105
1828 292
3498 1878
3517 1830
3308 1459
2218 502
2246 622
4986 3016
2901 1359
6227 2928
2370 692
4375 2782
5468 2887
3886 1477
4319 1994
3665 1465
3717 1934
2489 718
4875 2836
2748 993
5936 4218
2628 955
2771 1011
2744 1078
3420 1716
4384 2588
2609 695
5819 4024
3446 1756
3714 1873
3712 1373
3625 1707
2591 746
3534 1837
6412 4290
3602 1461
4510 2902
4343 2566
5135 2887
1876 231
2977 1324
2546 602
4657 2345
3642 1937
5480 3650
2132 305
2411 762
5559 3238
5638 1931
5588 3776
3208 1085
5283 3302
3425 1266
4028 2217
3754 1292
4038 2159
3562 1701
6671 4887
3368 1600
2907 1015
6304 4401
4977 3192
4251 2215
4635 2908
3508 1644
4565 2603
4384 2480
4079 1789
3914 2097
2426 375
2247 494
5779 3970
5003 3227
2659 845
3029 857
2180 428
2505 573
4513 2655
2488 528
4739 2687
5875 3944
5696 3471
3198 1321
4989 3000
2682 705
5724 3356
5485 2308
2426 502
2658 801
4860 2657
3164 1090
5400 3442
3997 2162
5670 3740
6691 4168
6264 4331
8514 5351
6741 4851
6653 2914
3004 1014
2458 594
6103 4241
5162 3254
7381 5012
3612 1739
2318 316
3229 1113
4949 2714
3947 2036
3356 835
3277 1126
7202 5192
3009 907
4821 2263
4693 2398
2864 826
4164 2180
2129 197
5544 2657
4723 2584
4273 1435
3742 1250
3370 1411
3260 914
2425 346
2442 314
5718 1746
2272 208
5403 3352
7977 5003
3556 1184
6460 2269
5505 3336
3037 923
3856 1741
4860 2686
8457 4662
4735 1943
3981 924
5991 3840
2434 246
3671 1573
4483 2454
6906 4601
2918 819
4394 2244
3363 971
3761 1650
3237 1208
4369 2172
6784 2979
6997 4524
4760 2485
5014 2604
4489 1334
7388 5260
3236 1158
4908 2739
3948 1846
3736 1399
4324 1867
4044 1952
2650 445
3743 1392
5515 2974
4751 2646
5883 3817
6891 1591
3090 911
2478 279
5498 3360
4177 1977
2815 450
3902 1738
4138 1908
3140 782
7591 5394
7404 5162
4284 1772
4396 2178
7003 4753
3191 987
3019 656
4993 2698
4514 2296
3631 1033
5558 3365
3863 1558
4571 2026
4278 2078
4560 1821
4447 2297
7088 4767
4073 1246
4978 2868
4061 1774
3342 891
6339 4146
10813 8023
6293 3910
2762 410
2747 443
6810 4448
3516 774
5889 3440
3137 778
3639 793
4927 2636
7137 3907
9461 5314
6884 2085
2545 240
9065 6398
4978 2727
3682 1136
3892 1610
3993 1628
6292 3933
2700 270
2758 365
5425 3060
5972 3679
7287 2835
4381 2119
5568 2854
4536 2296
10202 6927
9053 4606
4401 1971
4824 2420
5936 3397
5675 3207
4922 2575
3533 923
7044 4652
4395 1933
3198 562
5991 3590
4679 1956
6165 3676
6488 3972
7842 5388
6032 3331
6997 3877
5612 2887
4546 1978
7852 5250
13886 9584
3819 1388
5859 3413
4386 1414
5726 2805
4413 1711
6731 1992
6093 3418
9982 6602
6840 3585
6525 3775
6223 3617
3925 1290
4688 2181
4330 1731
4764 1930
3480 979
6197 3444
3270 715
4250 1264
3408 859
8763 3939
8029 5400
5583 2459
2792 296
2809 273
5472 2997
4426 1749
4369 1127
5679 2633
5831 3374
7583 4979
5151 2314
12843 9354
4883 1992
7558 4138
5831 3212
4331 1116
5671 2875
5967 3306
4127 1260
4519 1750
3270 574
3085 372
6781 4233
3518 877
9283 6330
4086 1523
4266 1459
5362 2640
9443 6601
2904 174
5672 3050
6039 3247
6349 3841
4132 1544
5108 2479
8107 5055
6187 3593
7391 4488
6270 3587
6032 3179
8159 5368
4564 1962
12275 9674
9791 5451
9665 2750
3776 845
4701 2024
4612 1988
7658 4828
3112 405
4556 1761
5975 2801
6297 3625
11397 6642
5456 2831
4805 2070
4638 1956
4161 992
3937 1035
5951 2803
9287 6298
4000 1181
8079 5363
6030 2791
5504 2829
11062 6758
6405 2996
7012 3745
4164 1326
5169 1860
3427 754
7689 2321
6802 3528
6527 3220
6492 3707
4713 1752
3114 243
7792 4673
4517 1613
5967 3140
5746 2675
9388 6600
5930 2827
4233 1456
7596 4835
9710 6893
5267 2498
9520 3981
6140 3335
5149 2280
5387 2580
7859 4432
5328 2296
4736 1453
6932 4127
7800 4952
3517 719
4913 2169
3640 711
3374 458
4483 1520
6511 2920
5094 2214
5425 2276
5286 1516
6899 4083
5413 2574
5432 2211
5079 2226
5798 2743
8903 5561
7420 4478
5812 2458
8069 4812
5406 2534
10997 8122
4542 1085
7799 1893
8784 5466
3119 230
6073 2983
7637 4683
10482 7558
8607 5611
6016 2678
6155 2960
6771 3180
5391 2544
8961 3186
4309 1208
9681 6730
9766 5514
6625 3724
5664 2540
6021 3125
12622 9714
4042 837
7180 3778
9155 5514
3321 397
5486 2439
5543 2515
8970 5692
6983 3971
6650 3646
4936 1901
4134 1050
4637 1619
6580 3634
6619 3335
5172 1877
10476 7446
5558 1615
7920 4769
8438 4936
7835 4908
8548 5555
6881 3730
4694 1637
5506 2409
3218 170
6466 3498
10474 7313
4218 1279
3380 209
5804 2740
10026 5771
6216 3109
5694 2596
5649 2473
5652 2049
5653 2603
4708 1630
4826 1708
8006 4824
6788 3618
8219 4898
7945 4537
4013 931
4792 1590
3802 507
10386 7096
9105 5869
6051 2542
4828 1419
8288 4857
7902 4724
6214 2652
10484 7275
7237 4150
10459 7432
6395 2821
5719 2546
5676 2580
3737 576
11342 8080
7418 3849
7195 4164
8796 5771
5068 1879
4988 1349
3546 326
8205 4706
5288 1983
5337 2081
4605 1326
5809 2516
4872 1394
5492 2251
8760 5465
8146 4821
9877 6200
10454 7073
10472 7282
13656 10304
6388 2997
7133 2937
4713 1582
4972 1298
5497 2278
7241 3686
4190 892
9103 5117
6077 2802
8156 4010
6328 3059
11515 6334
9435 6013
7548 4133
10234 6962
6454 2983
8002 4770
6882 3546
5796 2049
6703 3375
8695 5301
8049 4658
8158 4825
7923 4506
8838 3972
6687 3481
4144 726
7798 4350
6942 3159
7850 4115
6001 2619
8117 4787
6390 2951
6052 2592
7931 3532
3624 267
3910 415
7125 3555
4285 1012
7058 3569
5144 1762
8905 5481
6254 2823
10440 6723
7927 4564
11540 7996
7569 3978
4887 1476
6475 2965
3866 399
7142 3671
10501 6952
13239 6420
8265 4177
9648 4480
7719 4327
7220 3486
6853 3340
7269 3848
9657 6248
7539 3924
8926 5304
5302 1115
9997 6574
4743 1154
3762 398
9066 5656
8627 5167
7616 833
4165 491
7135 3763
6041 2549
7595 4199
14549 4474
6677 3034
6613 2466
4896 1173
6805 3388
4383 661
12213 8433
4189 633
8191 4532
7750 4087
7307 3455
8396 4914
8365 4293
4782 919
4671 1012
6032 2473
9597 6128
4164 696
4281 681
5201 1715
4492 924
7213 3542
4383 887
12574 8881
7110 2949
4167 580
9443 5853
8683 5025
5634 2217
6228 2820
15384 11366
6847 3016
8614 4917
5696 1973
5339 1556
13185 6200
4082 390
12474 8784
9195 5512
7871 4262
6588 2981
4920 1359
9217 5581
7127 2681
6464 2851
7156 2890
7262 3223
12399 8555
7145 2389
13904 8178
6839 2958
7950 4403
7707 4121
7352 3798
8376 4700
10321 6618
7781 687
4093 515
4734 1012
7872 3797
7856 4044
9099 5348
11189 7464
8429 4765
8155 4392
11710 7741
5093 928
8798 4894
6040 2383
6724 3051
5015 1219
8410 4682
7626 3927
6472 2038
4718 1023
7493 3735
7496 3664
13386 9703
5188 1418
10692 5971
6772 2345
5001 1136
7352 3556
10217 6494
6496 2762
8644 4593
4213 434
3885 182
7738 4024
13111 9243
6632 2849
7477 3436
11486 7334
6128 2285
8561 3664
7070 3302
7559 3729
12340 8190
6786 2677
9608 5770
8568 4800
6136 2289
5018 1124
6244 2429
11545 7765
5641 1930
5308 1546
7324 3524
10115 6232
8451 4350
9288 5360
9019 5202
10069 6294
5086 767
8230 3655
8707 4758
5496 1683
11952 8097
11628 7026
10829 6555
8404 4613
8951 4510
5463 1446
7991 4035
8836 4961
5396 1580
5085 614
8250 3816
4132 171
6188 2179
10012 6184
9981 5027
7811 3915
5834 1240
9623 5688
5998 2121
6329 2369
5596 1167
7974 3104
7803 3884
9328 5256
10031 5983
11117 3207
4434 496
9222 5165
13087 7911
14121 7829
7134 2945
4461 608
7773 3833
8117 4283
4550 420
6210 1807
10111 5986
6772 2618
8048 3789
11049 6646
9217 5247
8574 3347
5026 995
8542 4608
6012 1677
7492 3485
9467 5266
8058 4044
4189 168
7359 2860
18195 13564
5335 991
5843 1818
5505 1205
12194 8147
7987 3733
5332 916
7900 3752
8042 3709
8587 4147
8714 3880
7269 3182
5656 1659
5780 1457
5582 1439
7076 2870
4572 470
6475 2351
4234 188
9792 5604
8916 4825
7927 3269
11279 7164
5175 837
8401 4051
10604 6083
7722 3426
15908 11818
4503 444
5825 1740
13376 9139
8317 3860
6723 2438
10524 6286
10368 4289
6321 2243
5955 1685
13429 9258
13879 9375
6952 2742
7306 2068
9645 5475
5858 1062
8246 4099
8330 3759
9072 4795
5940 1681
5541 1270
11130 6953
10374 6254
4680 460
11841 6522
13753 9447
12443 7683
8837 339
8166 3138
8119 3591
15049 10924
11055 6031
9250 4932
8921 4587
12872 8656
19576 14867
4983 632
5178 776
7386 2986
11763 7466
4862 678
6203 1990
8331 4116
7106 2246
6019 1490
9646 5532
4736 526
9910 5495
9378 5102
9676 5358
14507 10106
6752 2422
12180 7799
5788 1523
11060 5123
8004 3578
12766 8366
11666 7343
9630 5131
8572 4122
4915 525
13629 9269
12144 7856
8759 4503
7294 2839
11156 6789
14962 10640
5418 1085
9083 4495
6857 2482
13080 4539
9313 4740
9597 5260
4495 177
9281 5068
23023 18169
10895 5536
6131 1624
11188 6726
10381 5762
16662 12262
12933 8533
9130 3108
7255 2815
12786 8086
10719 6317
4832 305
5768 1395
12159 7857
8586 3900
7766 3337
10065 3231
13349 8639
5044 598
10402 5913
8136 3115
13179 8600
11429 7003
9794 4543
8340 3860
7060 2746
5841 1022
5705 1106
10608 6225
7131 2639
6881 2536
6478 1885
4910 442
10122 804
11748 7073
5113 374
11361 6319
8540 3996
10493 5876
11808 6526
11387 6187
7641 2904
14808 10368
6933 2317
14362 9810
12955 8261
9386 4967
12924 7142
8995 4343
10025 4703
8712 4108
13228 4117
7127 1854
9074 4578
7485 2650
15573 9290
14758 10256
6419 2013
5010 293
14755 9911
6338 1579
7054 2535
7672 3092
6587 1796
7185 2573
8520 3895
7379 2836
6720 1991
13325 6561
12987 8258
10767 6072
14196 9440
14411 9765
10227 5384
7638 3007
10412 5864
5534 878
10339 5629
14292 9685
7918 2997
6322 1723
7980 3246
8209 3415
6743 2235
5354 654
7318 2425
6930 2357
12538 7798
8699 3749
10855 6247
9937 5412
6487 1821
8640 3499
13610 8081
7064 1737
7903 3136
6629 1925
5043 330
11417 6621
7124 2265
12359 7664
16353 11573
8475 3627
12480 7638
7671 2579
16991 12327
11141 5457
8046 2657
10157 5452
14975 10212
8235 3479
8343 3690
7224 2612
11838 6915
10907 5980
7506 2582
9011 4384
6041 1274
14490 9363
6297 1445
7755 3141
5813 1058
9782 4887
6454 1544
13813 8888
6252 1336
6826 2043
21961 17198
8754 3978
9831 3866
15374 10601
5660 843
10219 5417
11087 6263
5837 712
10325 5214
6537 1782
17923 13205
10939 5687
10784 5931
12790 8035
11809 6839
8954 4190
8955 4149
7106 2228
7741 2974
8974 4106
7914 2678
5706 780
18533 13661
9545 4632
16048 11255
10077 5071
10862 5769
10561 5755
8683 3756
7292 2401
9127 4251
8239 3396
16071 11049
10156 5287
6823 1895
5648 700
5607 663
13142 7954
12643 7762
10313 5407
12515 7653
9226 4374
10760 5557
15829 10387
16577 11585
14397 7374
15366 10354
9175 4247
12283 4445
7741 2778
18133 13207
12922 7329
6241 1205
13505 8303
6321 1089
9306 2718
14141 8651
10779 5657
13804 8723
10896 5852
10514 5255
9596 3458
10853 5624
13084 7851
16505 6633
11105 4953
14978 9838
15152 10171
11414 966
12815 7180
8447 3074
6188 1248
14838 9886
5573 542
10993 5810
9015 3879
8751 3758
13357 8051
10106 5031
7307 1258
11049 6000
6701 1627
17782 10620
8159 3006
11887 6698
6574 1482
10391 304
8975 3882
8297 2795
6489 1376
10516 4604
16055 9888
13896 8566
5924 901
10094 4983
7672 2619
8487 3385
6762 1628
10440 5401
9309 4257
22306 17118
8515 3440
13415 8378
7054 1748
14215 8926
6902 1669
10701 2977
5454 316
6318 1270
9758 4152
9826 4700
7693 1971
11830 6558
15564 10362
7959 2814
5852 638
7466 2255
8541 3232
14638 9160
11547 6409
8597 3403
5833 640
10111 4934
13331 8129
6789 1403
6607 1200
9783 4385
10119 4942
13198 7427
7012 1741
5468 311
16957 11730
13467 8130
15832 8918
11754 6462
10807 5543
14071 8593
8888 3647
6981 945
18150 13041
5396 244
7543 2404
11707 6476
12512 7252
6270 1105
15287 9398
19636 12676
11496 6239
8603 3008
15521 9719
11027 5700
6753 1352
7257 1766
11941 6262
15228 9439
14689 9221
15317 9988
15852 10589
9864 2964
8827 2239
22817 17443
7750 2396
9643 4075
6887 1348
8365 3108
5457 163
11610 5952
5718 450
15250 9755
7745 2358
15245 9741
12322 6913
8605 3272
24271 18833
5937 656
8499 2502
11790 5931
11008 5284
7685 2344
12831 7254
19845 14511
5755 329
5827 314
13522 8172
6443 974
13093 6907
16344 7320
10549 4450
11957 6425
5883 484
10850 5303
10246 2773
11728 6004
16778 11446
12088 1327
20101 14689
12305 6718
9708 4177
12159 6796
6116 590
13867 8413
11386 5639
15255 9522
5945 490
7075 971
16567 10559
15365 8754
12366 6326
13296 7688
14102 8464
19407 13872
12222 6720
17111 11513
14997 9378
8093 2389
19205 11291
6226 760
7351 1796
6562 998
9781 4371
9753 3344
11979 6212
9961 3907
13437 7821
12011 6518
10550 4379
7633 2098
20033 14483
11050 5546
11944 6462
12476 7001
7678 2021
18664 12983
17359 11828
6596 1080
9693 3788
11072 5565
10820 4883
7498 1860
20800 15158
17243 8374
8089 1946
11876 5150
6672 1009
13908 7984
12612 7000
6952 1295
14406 8698
7518 1568
9780 4093
10624 5093
6914 1320
19908 14049
8733 3150
19423 13590
12215 5841
19116 10370
9232 3633
16365 10686
9151 3367
11421 5909
11595 5917
8765 3152
10052 4481
13303 6499
14359 7852
7743 1851
8051 2408
5867 219
11968 5320
7461 1805
13673 7792
7702 1794
11961 6228
6765 1035
7821 2127
12764 6858
11270 5471
9942 4242
6725 933
9085 3446
8337 2577
16958 11110
17196 11559
13269 7509
16490 7864
11007 5284
9669 3880
8826 2923
7396 1688
12563 6478
15393 9706
10054 4415
14273 7902
19251 13577
12677 5673
12237 642
19934 14132
11336 5541
11598 3884
9727 3815
8343 2321
14091 8186
10420 4560
20666 13770
10799 4968
12342 6279
8807 1634
10147 4243
6801 1042
13964 8204
21277 15125
18489 12742
11731 5933
7476 1608
9788 4043
16347 10591
9014 2868
7018 1238
12230 5940
15229 9313
10279 4500
22968 13070
10025 2678
13679 7753
20989 10579
9191 3007
15045 8824
8650 1652
17884 12041
6955 709
9663 3625
12314 6313
9223 3352
16018 9952
6415 437
11330 5368
11275 5442
6865 764
11174 5263
10808 4869
17900 12019
14659 8482
20066 14029
8775 2436
8689 2700
7614 1735
8196 2219
9541 3354
6178 240
13454 7198
6597 698
13436 6087
8981 2945
11801 5838
15710 9584
7995 1899
12116 5721
10517 4168
8433 2183
11949 5331
7013 1076
13802 7859
10975 4930
8435 2302
12000 5999
11641 5536
14220 7332
19998 13085
11686 5466
13753 7550
17536 9279
13913 5633
9309 3175
8017 1699
18310 11985
15918 9942
16647 10607
17366 11373
14786 8468
13990 7920
10063 4032
10265 4227
19744 13736
12499 6433
12724 6703
10072 3557
9585 2934
8340 1366
8366 2357
11031 4710
10556 4364
10106 4007
14899 8615
11588 5298
17910 11908
19127 12903
13506 7264
8903 2714
7319 1088
18956 12862
9570 3430
13070 6049
8249 2096
12810 6234
16314 10226
19837 13634
15964 9633
12642 6059
14622 8558
10806 4529
12130 6002
14294 8028
19175 13105
14637 8504
9439 2994
8945 2397
8731 2322
11255 4937
13591 7244
6575 297
15085 8897
14028 7119
18378 12153
10782 4433
7208 990
17307 10725
7819 1634
9165 1900
10582 4342
14646 8426
9397 3189
14938 8738
11153 4991
10500 4136
13214 4403
7423 1045
12774 6082
13043 6834
10041 3851
23525 12070
12561 6119
8100 1787
15656 9300
6569 305
14966 8366
9235 2934
10221 3822
8667 2130
21144 13700
21434 15145
10636 4358
10724 4073
6988 716
14548 8015
16097 9879
29607 23295
15939 9099
12542 6164
9016 2700
17724 11281
18246 11868
19357 12894
11225 4933
27803 21541
17275 10825
15273 7827
11682 5321
8268 1926
8075 1739
19105 11166
12989 6748
19298 13008
15498 9032
7658 1360
19496 13118
18536 12124
10115 3800
18898 12383
7761 1259
12801 6236
8134 1774
10099 3733
13195 6607
18999 12414
17803 5180
8244 1259
9591 2631
16660 9898
20851 13081
16479 8518
13713 7349
11331 4999
6826 270
25233 18842
11772 5331
7398 903
9716 3270
17289 10947
14489 8121
11694 5234
12900 6485
16825 9508
15596 9116
22345 15315
21941 15108
10650 3697
14397 7965
14215 7473
16029 9343
25274 13994
9291 2879
11353 4773
18081 11311
16648 9468
11069 4579
11642 5067
20688 8422
12455 5455
14661 8228
13796 7320
15073 8514
13234 6364
21412 14872
7173 630
7435 899
14368 7434
10699 4245
11510 4975
13363 6899
12862 5654
8358 1601
16529 9997
13577 6884
12661 6135
18715 9947
22046 13509
8596 1853
9524 2807
24109 16978
11240 4512
14210 7657
17689 10382
20088 13429
12504 5772
10141 3463
10829 4308
17237 8697
13711 6922
17699 10613
12199 5611
9835 3219
8785 1914
10216 3426
21694 14854
15342 8117
18417 10715
14183 7669
16993 7394
28215 20871
7674 704
12637 5967
24738 17878
13784 6107
9893 2916
24300 17284
14376 7691
16366 7646
9760 2983
22361 15530
12256 5310
22414 15633
13047 6202
12622 5866
14189 7383
10525 3870
17449 10822
10136 2855
12331 5575
13409 6755
9594 2943
7804 725
15042 8079
13389 6560
18305 11681
15239 8236
23087 16388
18338 11409
14312 7556
16136 9416
19440 11905
17123 10216
12579 5943
13162 6463
13716 6731
13566 6750
10389 2987
15266 8288
24103 17082
10559 3687
10387 3662
18999 11928
8311 1350
13180 6030
13424 6540
11095 4231
13536 6699
18370 11538
16004 9111
18754 10610
11070 4356
11669 4791
14032 7087
16707 9860
14555 6075
15286 8424
11412 4611
12822 6023
12061 3304
9124 2306
9089 1811
8956 2168
9553 2673
12604 5745
12108 5112
19541 12609
20942 14078
17541 10507
13616 6767
14128 7232
9318 2331
25186 13634
18866 10744
15759 8823
8290 1374
16866 9683
22259 15261
13999 6948
12570 5473
20560 10980
12833 5723
8101 1167
19716 12692
13154 5630
14706 7829
7547 699
17336 8358
8311 1434
8472 1662
13002 5881
11471 4497
16904 9120
9379 2123
8851 1662
14645 7612
10779 3651
10561 2942
12713 5731
10258 3241
16876 9739
33284 25884
12387 3672
9370 2210
12341 4678
23406 16147
7693 555
10870 3951
14851 7701
20205 13210
25716 18570
9392 2319
15237 8170
14082 3936
10601 3294
10571 3381
17711 10644
10417 3417
9713 2683
8752 1583
11770 4599
8928 1973
8686 1760
9679 2354
12153 4947
10462 3214
13119 5885
13573 6197
15635 8475
16527 9432
20675 12295
26440 19224
9574 2474
19016 11779
19145 11756
7989 841
20367 11678
17902 10675
8231 1049
11191 3909
10494 3351
21125 14069
23081 15889
27977 20700
10298 3197
13034 3747
13933 5992
9340 1626
7998 973
10205 3116
9092 1759
16822 9798
10082 2886
21745 14374
21257 13921
22330 15036
15208 8048
14777 7375
14447 7218
23015 8781
22561 15386
25144 17939
15070 7796
24052 16863
7636 357
34676 26888
12836 5474
10595 3172
9240 2126
7715 601
12051 4827
13475 5841
9425 2181
14808 7333
8645 1433
21497 14116
15369 8066
13879 6752
15800 8422
9104 1882
31559 19516
7914 661
8723 1449
9038 1846
25852 18637
11720 4243
8609 1155
8984 1648
8648 1336
14777 7215
13758 6354
16448 9119
21278 13996
16005 8458
10216 2819
14960 7246
17838 7944
8282 953
9121 1828
8017 610
10387 3023
9932 1253
15560 8165
25485 18128
16898 9612
10438 3080
9223 1927
15150 7139
16944 9436
8513 1201
8465 1108
16312 9054
29531 22132
11033 3718
8009 405
21238 13325
19379 12058
13066 5677
16203 8869
8985 1576
14124 6610
20747 13054
11178 3242
14295 6870
19082 9588
11105 3431
8297 991
11154 3323
12825 5387
22456 12517
14444 6974
21604 14106
20895 13176
13526 6088
22794 14981
11166 3814
20564 13203
13076 5081
15933 8470
14105 6603
29097 21441
10947 3357
8174 858
15541 7512
8909 1559
17452 9918
30110 20301
11995 4490
16340 1411
20479 13075
21801 13565
10184 2678
8910 1415
17853 10329
10420 2742
24408 16617
26968 16635
11499 3677
14413 6630
16735 9121
16448 8907
11749 3560
20220 12702
30089 14717
14304 6815
14231 5588
17781 9695
17165 5440
8637 1085
22538 15005
23143 15561
14901 7434
11702 4114
14965 7226
21557 14056
13340 4291
16144 8525
16883 9360
23762 16040
16404 8702
7854 266
25360 17773
23096 12080
12372 3997
12355 4772
12796 5175
14014 6379
19019 11384
21249 7015
24556 14950
15259 7600
12090 4423
18380 10718
9577 1387
8921 1220
19876 11824
9515 1318
11173 3654
14120 6388
14094 6448
12442 4369
11208 3544
10598 2975
12424 4844
12085 2779
11447 3547
8941 1036
16632 8398
12853 4793
18244 10480
9504 1732
8280 387
19954 12161
29705 21978
17900 10184
12322 4509
11071 3082
10576 2862
20248 12537
8702 1065
18034 9456
20721 12070
17234 9461
16720 8721
10595 2855
14798 7107
32396 24643
13405 5716
13056 3604
15328 7546
14568 6753
31436 23120
26535 18931
16609 8415
16565 8223
10889 2435
17192 9076
15826 7955
21462 13607
13801 5859
8155 324
22564 14582
10939 2917
14465 6738
8902 801
13720 4466
18004 9922
15242 7373
12565 4812
21349 13549
30960 23213
8604 693
9570 1811
18585 10839
9800 1561
20421 9649
19740 11991
24937 16764
9705 1828
23481 15703
12734 4940
13492 4795
16332 8141
13311 5546
17785 9856
14054 5670
15643 7837
10746 2886
14433 6616
18087 9849
16823 8107
23804 15800
8275 369
16955 9013
19978 11787
17839 9477
16844 8970
11669 3853
12527 4404
8650 646
14740 6807
11309 3081
12040 4096
14871 7039
18207 10242
15731 7827
21044 8689
28511 20613
13746 5860
20067 11846
13371 5444
9865 1831
21820 13969
15671 7100
18761 10943
26218 18199
10989 3036
20471 12159
22768 14745
9942 1954
15291 7213
31936 23957
23403 15206
28648 19175
14854 5306
14990 6970
15775 7789
13712 5539
22867 14813
15936 7924
17054 9142
19639 11593
16043 7996
17978 9889
9140 993
9223 1286
20495 12301
21519 13520
17937 9798
8952 677
14839 6798
21487 11113
16647 8624
16763 6906
18372 10373
14324 6101
13882 5736
16956 8538
14101 5982
12762 4048
20004 11726
15737 7478
11502 2568
29626 21207
16672 7833
17220 8735
22200 13850
37166 28915
10224 1690
16336 7851
20019 9266
8527 313
32788 24178
13484 5164
17274 8973
14548 5966
13107 4949
24763 16728
16221 8099
28664 15523
17024 8841
22898 14741
15029 7000
31253 23041
17102 8806
11459 3419
16486 8340
25097 16723
11700 3377
17950 9783
12456 3861
11368 2954
8493 238
13064 4581
18298 9917
18664 10311
14263 5993
24562 16441
18907 10726
16313 8168
19370 11127
10320 2108
17538 9367
20896 12063
19870 11248
11378 3246
15628 6843
16867 8675
12332 3886
20567 8411
26659 17642
15503 7188
9232 1075
17617 9079
19275 2944
12785 4343
20205 11756
14443 6064
14072 5595
13818 4668
14114 4734
11106 2712
12917 4692
17128 8810
18944 10627
10144 1910
12201 3530
16247 7969
18440 10069
12158 3753
22759 14308
17624 9371
21251 11601
21930 13681
14038 5648
28087 19563
13975 3956
23195 13459
10475 1870
29968 21623
16313 7854
10446 2058
17206 8558
12155 3800
13905 5586
11228 2743
12483 4154
26738 16899
32342 23829
16546 8148
19355 10810
28222 19871
10171 1736
12052 3631
12313 3655
26707 18325
18594 9898
23041 13876
15372 7044
24527 16221
16419 7948
9488 824
15648 6990
13774 5322
9585 894
16167 7650
26469 17575
21232 12926
26292 15869
19702 11034
14428 5516
9232 653
13725 5107
10104 1567
17875 8680
13347 4888
16498 7737
18551 10051
10445 1218
31190 22586
12149 3628
14532 5741
9337 659
18540 9511
9377 406
14108 5437
26048 15757
11419 2675
16623 7998
21903 13416
25902 17399
20381 11768
44787 31276
15496 6606
23565 15101
16890 6478
19431 10943
34354 25872
16613 8098
17778 9331
18206 9423
14767 5392
14716 6207
21218 12579
21163 12714
15959 7330
21320 11195
10276 1671
25154 16207
16326 7743
18045 9323
17272 8659
15937 7380
14857 5882
13104 4102
17274 8340
11367 2608
11171 2401
17729 9157
11088 2405
22740 14050
12709 4118
10203 1540
14244 5452
13996 4663
11953 3124
31462 22074
12565 2410
10328 1541
11928 3305
29927 20506
26738 16077
10374 1528
20426 11820
20400 11729
15840 6648
17599 8407
20584 11926
26358 9086
18153 9470
13883 4879
13586 4063
20711 12085
9126 439
22207 13520
15661 6733
20043 11240
24415 15796
12105 3287
23544 14445
28510 19868
20640 11884
18610 9772
16185 6817
31100 22239
18321 9249
17392 8611
18036 9216
13433 4607
16083 7355
17169 8394
13991 4869
11948 3063
34663 25701
16486 7842
13412 4705
11509 2586
18559 9658
28286 19504
15577 6762
21398 11849
12805 4059
20175 11326
22963 11991
34977 20755
24367 15338
13005 4228
20413 11529
9111 288
11696 2905
23551 14709
15682 6776
35959 27112
16380 7447
13962 4881
12820 3986
18733 9913
23074 14346
20562 11130
14735 5886
11406 2503
11947 2892
17264 8258
14691 5564
18771 10029
21803 11793
18298 4551
30164 18820
20784 11700
19898 10127
21765 12853
17776 8689
14754 5157
14055 5203
20810 11719
19023 9768
17919 8908
19042 10116
16612 5073
18200 9138
12614 3672
17111 8270
16393 7478
16716 7543
11475 2643
22551 13490
16858 8021
17317 8317
11611 2639
17326 8492
21790 12929
34865 25412
21427 3550
14309 5306
11331 2413
19570 10432
20785 11814
16039 6402
22927 13770
20194 10840
23765 14738
19160 9757
20486 11047
17627 8656
23723 14705
20007 10778
23095 13584
10014 718
15249 6316
28712 19718
11527 1739
13772 4792
12686 3095
16201 7106
14423 5077
18354 9160
12093 2953
28278 18444
13322 4292
14370 5138
19626 10597
34616 16671
22702 13721
13041 3904
16660 7681
13163 4111
16620 7553
18916 9630
18924 9856
40871 31785
12540 3053
14390 3198
20277 11048
17591 8377
20525 10860
11248 1889
14856 5569
20469 11298
34218 24680
13163 3933
12053 1768
10875 1518
15684 6435
17503 8265
21651 12645
23576 13701
10647 1134
17237 7082
14360 5305
32159 18859
12206 2950
17670 8497
16792 7385
10891 1799
12469 3301
17526 8211
37483 27524
11972 2696
25667 16527
26151 14746
18441 9222
11994 2693
24121 14784
9722 606
11812 2390
30436 20629
14491 4933
27843 18338
20162 10843
23694 14316
12751 3474
14601 5087
17837 6274
22307 13080
17735 8530
13592 4312
13549 4071
17629 8295
20912 11142
17569 8107
20746 11284
13723 4508
24486 13483
31417 22131
32456 23180
12257 2412
29923 20505
21782 12384
10244 780
12608 3167
10293 1000
15888 6661
9584 249
17111 7309
26700 6232
17897 8250
12910 3513
13266 3524
32606 23059
13728 4464
10129 848
19814 10505
28029 18201
42025 32717
17028 7555
10035 751
17777 8364
14597 5227
13020 3775
17598 8306
33093 22901
23674 14381
11812 2450
17922 8513
15002 4183
20392 11087
22533 13141
31755 22381
20065 10681
19951 10618
14625 5269
19293 9055
25650 16197
12488 2930
19669 10192
18473 8962
9755 284
33734 24430
26921 16863
27855 17011
21092 11448
10115 450
31888 22417
25469 15763
18115 8116
21936 12308
22174 12726
15595 5231
20898 11567
15262 5945
12448 2878
19844 10457
12577 3180
15978 6524
19346 9688
12783 3116
23353 13349
19559 9993
22695 13271
17068 7623
11760 2050
16523 7015
26835 16945
25264 14606
11910 2359
16213 6652
17805 8271
16832 7158
20556 1694
25304 15756
19432 9822
18985 9285
24392 14899
19754 10231
21453 12021
13848 4401
18349 8693
24374 14869
12198 2598
26334 16675
28523 19110
13498 4038
10746 1019
15782 6083
19682 9999
23096 13641
23769 14105
14486 4835
17730 7912
33139 22329
10162 605
18207 8463
12518 2174
17916 8395
12710 2666
11788 1780
16421 6909
21062 11223
31799 22197
23155 13314
14104 4593
19630 5844
18760 9183
16610 6766
23003 12882
19545 9957
12738 3131
24880 15236
14863 5260
30426 20792
18435 8831
10762 1015
40372 22411
17162 6469
24071 14442
18087 8571
18599 8967
25361 15413
16303 5022
25773 16071
27371 17635
23005 13282
14467 4763
14193 3999
14613 4618
15056 5289
13733 3891
23629 13654
29514 19452
18691 8957
16498 6787
12034 2250
20951 11239
20735 10613
16022 6374
15260 5488
30043 17648
17731 7936
19825 10086
16064 5392
13215 3534
19489 9801
25641 15625
15344 5381
16656 6959
16057 6285
19897 10072
27630 8084
14809 5015
12892 3110
33232 23474
24984 14857
22623 12710
15316 5341
27640 17069
30105 20295
19112 8967
23731 13606
11536 1499
17319 7222
23059 12970
12189 2394
17749 7946
10326 448
11091 982
18868 9121
36166 26464
14439 4454
37609 27788
24135 14375
20644 10470
20756 10792
24536 14703
20601 10234
27387 17560
11207 1325
21420 11187
23598 13639
12808 2864
22838 12964
22688 7908
22634 12591
17636 7559
16656 6368
19049 9216
20947 11103
38758 15958
16983 5833
22721 12730
25475 15109
24192 14040
18503 8532
22134 12131
10465 415
15517 5585
15077 4621
20853 10920
22465 12638
13054 2839
31351 21498
11191 1368
17478 7438
12694 2762
13622 3661
19081 8751
23947 13654
31647 21615
18072 7904
12635 2530
17064 7081
13242 3262
13207 2936
10509 349
20186 10054
23974 13995
20573 10329
20018 9243
11801 1685
12246 2151
19971 9901
15316 5303
16047 5804
24051 13436
31083 20530
11718 1273
12135 2076
19897 9860
12784 1732
12632 1948
19069 8408
10380 423
33864 12563
11454 1534
12962 2457
24688 14688
15116 4673
